date,open,high,low,close,volume
2015-01-02,184.8982,185.3053,182.4368,184.0557,1877748
2015-01-05,182.7776,183.7054,177.4947,178.3089,3417017
2015-01-06,178.2711,178.611,174.1338,174.7019,3430666
2015-01-07,176.8983,177.9776,175.8758,177.3054,1896784
2015-01-08,179.2651,180.6569,179.1705,180.1361,1962464
2015-01-09,180.335,181.1208,177.0024,177.3717,1980679
2015-01-12,177.3811,177.5421,174.3042,175.2131,2084188
2015-01-13,176.6427,179.2888,173.6036,175.0806,2745342
2015-01-14,171.5303,172.7894,168.6143,170.6309,5204732
2015-01-15,170.5835,171.9279,168.0463,168.9836,3145989
2015-01-16,167.3173,170.5078,164.7895,167.7907,5124104
2015-01-20,168.1126,168.8321,164.9504,166.2759,3615587
2015-01-21,165.2534,168.8889,163.6155,167.7149,3737031
2015-01-22,169.2865,172.8652,167.8096,172.3445,6228247
2015-01-23,171.767,173.2344,170.8108,170.877,3123779
2015-01-26,169.2013,171.3504,168.5765,170.8108,2736529
2015-01-27,167.8001,169.1256,166.9102,167.0901,3335640
2015-01-28,168.264,168.4913,163.7576,163.8333,3017283
2015-01-29,163.9564,166.9102,163.8522,166.6167,2421445
2015-01-30,164.8558,166.3327,163.1422,163.2274,3037367
2015-02-02,163.7765,166.2475,163.0854,166.1433,2975305
2015-02-03,166.6356,170.8676,166.541,170.6404,3766909
2015-02-04,169.2013,171.0853,169.0214,169.2581,2980541
2015-02-05,169.883,171.9279,169.6841,171.1421,2434365
2015-02-06,172.354,174.7871,171.4924,173.6604,3250893
2015-02-09,172.0131,173.206,171.5019,172.5149,2421853
2015-02-10,173.5847,174.9575,172.638,174.7303,2556334
2015-02-11,174.2664,178.1669,173.9634,177.6557,4079642
2015-02-12,178.2237,179.8805,177.419,179.6722,3086685
2015-02-13,179.7575,181.1397,178.3089,178.9338,2720401
2015-02-17,178.7255,180.477,178.2805,179.8995,2123317
2015-02-18,179.445,179.9137,177.8166,178.6214,1850721
2015-02-19,177.6841,179.7385,177.2959,179.0379,1470372
2015-02-20,178.3184,181.4332,177.0876,181.3101,2317113
2015-02-23,180.5811,180.5811,179.1894,180.174,1691133
2015-02-24,179.9089,182.9858,179.5776,181.9823,2627289
2015-02-25,181.348,182.2,180.316,181.5089,2775703
2015-02-26,180.9297,182.7911,180.4453,182.5347,2449264
2015-02-27,181.5755,182.8196,180.2459,180.2459,2572381
2015-03-02,180.4453,182.2688,180.2364,182.1453,1659394
2015-03-03,181.1101,183.171,180.9867,181.6515,1487767
2015-03-04,180.7777,181.2241,179.4766,180.1319,1648467
2015-03-05,180.5688,181.1291,179.5621,180.5213,1330072
2015-03-06,178.147,181.7749,177.1973,177.5107,4103633
2015-03-09,177.8811,179.2962,177.1878,178.4794,2233659
2015-03-10,176.2571,176.7794,173.5219,173.5219,2768460
2015-03-11,174.0823,176.4945,173.8068,174.918,2098595
2015-03-12,176.5895,180.4453,176.5895,180.3978,3114792
2015-03-13,179.3721,180.1984,176.7984,179.8185,3095099
2015-03-16,180.4833,182.8101,180.3504,182.2498,2127669
2015-03-17,181.3665,181.623,179.3057,180.9867,1883231
2015-03-18,180.1319,183.3324,179.6856,182.6487,2790127
2015-03-19,182.1168,182.1168,179.5811,180.4168,2097075
2015-03-20,180.8917,184.1663,180.3504,183.4179,3473782
2015-03-23,183.5509,184.4816,182.3068,182.3068,1590524
2015-03-24,182.2878,182.8291,181.547,181.661,1799127
2015-03-25,181.471,181.6135,177.9286,177.9286,2542039
2015-03-26,177.1403,178.5174,175.7158,177.8241,2377241
2015-03-27,177.7766,179.0018,176.9029,178.6029,1539551
2015-03-30,179.7235,182.3447,179.6761,181.414,2403833
2015-03-31,180.7682,180.9677,178.5174,178.5174,2146581
2015-04-01,178.4889,182.6582,177.5582,182.5632,4031448
2015-04-02,182.0883,183.038,181.2526,181.9174,2296301
2015-04-06,180.6163,182.9526,179.4481,182.3922,1997035
2015-04-07,182.8386,183.9023,182.5727,182.7151,1778008
2015-04-08,183.3324,184.1017,182.5347,182.8766,1997262
2015-04-09,183.1615,185.2794,182.7341,185.0894,1986490
2015-04-10,184.8615,186.0106,184.3296,185.8017,1764768
2015-04-13,185.4978,187.4542,184.9755,185.7447,2196136
2015-04-14,187.0743,188.5084,185.8682,187.7771,3267415
2015-04-15,188.2425,191.9748,187.4637,190.9871,5066095
2015-04-16,192.5067,192.6681,188.7078,190.1419,5976908
2015-04-17,187.8911,188.2805,185.8112,187.4257,4578358
2015-04-20,189.0592,189.5626,187.967,188.138,2616642
2015-04-21,188.9642,189.4676,186.6944,186.9414,1868271
2015-04-22,187.9575,189.1443,186.6849,188.3469,1938132
2015-04-23,188.195,190.4078,187.6631,189.2871,2053443
2015-04-24,188.9927,189.0877,187.5207,188.0335,1445668
2015-04-27,188.7648,189.2871,186.495,186.6374,1767077
2015-04-28,186.3335,187.6717,184.6241,187.5587,1909359
2015-04-29,185.9442,189.686,185.6497,188.5749,2480559
2015-04-30,188.4229,189.705,185.5738,186.5425,2732817
2015-05-01,188.4704,188.5844,186.9319,187.5967,2029500
2015-05-04,188.2899,189.6765,187.948,189.2776,1581596
2015-05-05,188.3374,190.3128,186.8274,187.3687,2287530
2015-05-06,187.8056,188.6034,184.2537,186.381,2433695
2015-05-07,186.3905,187.9955,185.0134,187.4637,1795322
2015-05-08,189.0877,191.2151,189.0877,190.4173,3192457
2015-05-11,190.2179,191.7943,190.2179,191.5855,1966678
2015-05-12,190.3983,190.9301,188.1095,190.4458,2247452
2015-05-13,190.3888,191.6044,189.8,191.3005,2143328
2015-05-14,192.1553,192.6776,191.3005,192.4307,1957048
2015-05-15,192.3642,192.7631,191.6662,192.7631,1742949
2015-05-18,192.4592,194.862,192.4497,194.3681,2164617
2015-05-19,194.6815,195.8307,194.2636,195.0709,2370071
2015-05-20,194.8525,195.6027,193.8838,194.767,1831225
2015-05-21,194.3111,194.8904,193.9075,194.6435,2225002
2015-05-22,194.3681,197.7871,194.3396,197.3502,3040357
2015-05-26,197.0843,197.0843,194.691,196.0016,3336312
2015-05-27,196.486,199.1357,195.5173,198.5468,3011464
2015-05-28,198.2324,198.7183,197.4703,198.6135,3084930
2015-05-29,198.3753,198.4134,195.8888,196.4319,2255524
2015-06-01,197.5084,198.9374,197.0987,197.9752,2088203
2015-06-02,197.0606,198.0038,195.9212,196.6605,2230654
2015-06-03,197.6989,200.2235,196.9844,198.4325,2417000
2015-06-04,197.7751,200.1187,197.2035,198.985,3462485
2015-06-05,200.7284,201.9097,198.6802,200.4903,3225056
2015-06-08,201.1571,201.6811,199.5377,199.8615,2180658
2015-06-09,200.0616,200.4807,197.7942,199.1279,2278834
2015-06-10,199.7948,203.3007,199.4518,203.0434,2677304
2015-06-11,203.0815,204.4486,202.7957,203.8151,2024123
2015-06-12,203.3769,203.8818,201.9764,202.9767,2006235
2015-06-15,200.9094,202.2908,200.4236,201.7383,1903767
2015-06-16,201.824,203.4626,201.1381,203.4531,1954185
2015-06-17,203.4817,204.3486,202.5109,202.8529,1778397
2015-06-18,203.3483,204.8345,201.9764,204.4439,2167188
2015-06-19,203.9866,204.8249,203.1006,203.1006,4163396
2015-06-22,204.8821,206.5493,204.8249,206.2635,2006095
2015-06-23,206.6541,208.4165,206.3873,208.064,2735585
2015-06-24,205.9681,206.7303,203.5865,204.2819,3945152
2015-06-25,204.9678,205.5871,202.4337,202.7481,2434684
2015-06-26,203.5102,204.4534,202.4909,203.0815,2762606
2015-06-29,200.1949,201.2238,197.8228,197.8228,3292821
2015-06-30,199.9568,200.8142,198.2991,198.9088,4167331
2015-07-01,201.6144,202.4337,199.0565,200.0044,2820266
2015-07-02,200.0044,200.6617,198.6335,199.2994,1816596
2015-07-06,196.9273,198.6611,196.4986,198.1943,2816813
2015-07-07,198.1372,199.0803,193.5834,198.3563,3304151
2015-07-08,196.5367,196.9987,194.0601,194.4027,2185114
2015-07-09,197.3274,197.7275,194.7647,195.1172,2256224
2015-07-10,197.8895,198.1372,196.4223,197.3845,1840567
2015-07-13,199.5281,200.3569,198.7755,200.1759,2041670
2015-07-14,200.0711,202.6909,199.7758,202.1193,2090696
2015-07-15,203.434,203.5007,201.4191,202.8815,2536657
2015-07-16,201.3858,204.0056,199.4137,201.1857,4405218
2015-07-17,200.7856,202.729,199.8567,202.4051,2848961
2015-07-20,202.6147,203.8723,201.2143,202.3385,2175433
2015-07-21,201.9479,202.7252,200.7761,201.4906,1985341
2015-07-22,201.7764,203.6055,201.7287,203.1578,2301294
2015-07-23,203.5483,204.4534,200.7284,201.0619,2192661
2015-07-24,201.4429,201.4429,197.1083,197.537,2453880
2015-07-27,195.7269,196.0984,193.8692,195.3172,2910477
2015-07-28,197.3369,197.375,194.9171,196.4795,2018072
2015-07-29,196.7939,198.2801,195.9365,197.0511,1987293
2015-07-30,196.2794,197.537,195.3954,197.3941,1342938
2015-07-31,197.5846,197.6513,195.2029,195.3649,1644029
2015-08-03,196.0127,196.2032,193.2404,195.0029,2075500
2015-08-04,195.3077,197.3464,195.1077,195.4601,1451455
2015-08-05,197.1464,197.9466,195.2315,195.9651,1535537
2015-08-06,196.2509,196.9177,194.6313,195.3839,1485778
2015-08-07,195.584,196.8605,192.745,193.812,1691113
2015-08-10,194.9076,196.7939,194.6694,196.2223,1640337
2015-08-11,193.8692,194.2693,191.1636,192.1544,2553963
2015-08-12,190.4395,192.0115,187.2767,191.6113,2789694
2015-08-13,191.2207,192.3925,190.1347,191.2398,3353617
2015-08-14,191.3255,192.9641,191.2398,192.4592,3567146
2015-08-17,191.497,193.2595,190.3252,192.9832,1600670
2015-08-18,192.5545,193.4881,191.659,191.659,1665404
2015-08-19,190.5539,193.1547,189.7155,191.4399,2721310
2015-08-20,189.0391,189.7917,187.4386,187.4386,3140005
2015-08-21,184.4949,185.3904,178.7026,178.855,5406193
2015-08-24,170.0142,178.0453,163.9552,170.9669,7183557
2015-08-25,177.0926,178.4644,169.2997,169.7856,7204780
2015-08-26,174.3775,176.3038,170.6335,175.6731,5561817
2015-08-27,177.9691,180.8747,176.6531,180.2555,3798482
2015-08-28,179.3281,180.5326,178.0567,179.4811,2413053
2015-08-31,179.4237,181.871,178.9362,180.2936,2857984
2015-09-01,176.1257,178.2575,173.1048,174.099,5494486
2015-09-02,176.7279,177.6361,174.4719,176.3838,3043803
2015-09-03,176.8522,179.6149,176.1639,176.9096,2902175
2015-09-04,174.2329,174.7778,171.2417,172.4357,4295588
2015-09-08,175.8102,178.1045,175.5617,177.6934,3060052
2015-09-09,181.2018,183.3049,177.1007,177.5022,4756838
2015-09-10,177.2824,179.548,176.6323,177.7221,3042592
2015-09-11,177.2633,177.6361,175.2462,177.1103,2536786
2015-09-14,177.4258,177.6743,175.2271,175.8389,2746271
2015-09-15,176.6419,179.7392,176.0779,179.1943,3092831
2015-09-16,179.6818,180.9628,178.3722,180.3319,2717753
2015-09-17,180.1502,182.1769,177.8082,178.2383,3712648
2015-09-18,175.1315,175.3035,172.5982,172.971,6529889
2015-09-21,175.2271,176.2882,173.6975,175.2749,2947153
2015-09-22,172.9232,173.0284,170.1701,171.8047,4166934
2015-09-23,171.8908,172.254,169.9215,171.5084,2732623
2015-09-24,169.8355,170.1366,167.1206,169.1185,3910036
2015-09-25,171.3076,173.1335,170.3134,171.9099,3026501
2015-09-28,170.6002,170.6002,165.1417,165.3998,3898527
2015-09-29,165.3903,165.6675,160.1134,164.2909,4419120
2015-09-30,166.8911,167.3691,164.5777,166.1072,2931453
2015-10-01,166.719,168.4111,165.4189,168.2677,3612953
2015-10-02,164.5586,169.3001,162.3886,169.2141,4469873
2015-10-05,170.3804,173.0857,169.998,172.7416,3411878
2015-10-06,172.2636,173.296,171.5658,172.3783,1859061
2015-10-07,173.7931,175.6955,172.5886,174.2042,2594918
2015-10-08,173.2004,174.4336,171.8334,173.0953,3253394
2015-10-09,172.9901,174.2615,170.3612,171.2981,3334864
2015-10-12,172.8372,173.2196,171.126,172.2923,3059829
2015-10-13,171.6613,175.0741,171.5944,172.9997,2918822
2015-10-14,172.7703,174.1899,171.2503,171.604,3252009
2015-10-15,168.9464,177.5692,168.0191,176.814,5720088
2015-10-16,176.9669,178.4295,175.5425,177.0243,2977469
2015-10-19,175.3991,178.2861,175.0837,177.5596,2665724
2015-10-20,177.0434,177.7795,175.8006,177.3397,2736241
2015-10-21,178.0185,178.0185,171.6422,171.7856,3711065
2015-10-22,172.2923,176.0779,172.2636,175.4756,2609637
2015-10-23,177.0051,178.1523,176.3073,177.3302,2935718
2015-10-26,178.8597,179.7201,178.4008,178.7737,2573727
2015-10-27,177.8082,178.6016,176.3742,178.1045,1932290
2015-10-28,178.4869,183.0468,177.9707,182.8938,3231934
2015-10-29,182.5879,183.5057,180.9915,181.5268,3068096
2015-10-30,181.4026,181.718,178.9935,179.2421,2791644
2015-11-02,180.026,182.043,179.4094,181.3261,2531476
2015-11-03,180.915,183.4196,180.7238,182.2916,2443204
2015-11-04,182.5879,184.3947,181.9283,183.2093,2174279
2015-11-05,184.0601,184.7675,182.5879,183.563,2186265
2015-11-06,187.3677,190.6849,187.2721,190.3981,4270825
2015-11-09,190.2738,191.096,187.6736,188.0943,2604360
2015-11-10,187.9222,189.49,186.6747,189.098,2149921
2015-11-11,189.5569,190.1687,188.0656,188.6965,1645959
2015-11-12,187.5494,187.5494,183.7925,184.28,3166928
2015-11-13,184.1462,184.8631,181.6893,182.0048,2483957
2015-11-16,181.6224,183.6969,179.7296,183.6969,4626574
2015-11-17,184.1844,184.4999,181.9379,182.1769,1783839
2015-11-18,182.6357,185.5036,182.5975,185.1308,2509231
2015-11-19,185.2837,185.6566,183.2284,184.5285,1835761
2015-11-20,184.4999,184.9683,182.6931,183.0372,2932129
2015-11-23,182.8747,183.0564,180.2172,180.8577,2671721
2015-11-24,179.7392,181.436,178.3435,180.3606,2679373
2015-11-25,180.6665,181.4121,179.8635,180.8194,1495611
2015-11-27,180.829,182.7696,180.5327,182.0813,1092728
2015-11-30,182.7336,183.29,181.525,182.2732,3415027
2015-12-01,183.4243,185.2756,182.2636,185.1989,4141469
2015-12-02,185.4195,185.9375,182.0661,182.5034,1817187
2015-12-03,182.8871,183.8367,177.1989,177.6497,3598980
2015-12-04,178.043,182.8487,177.2181,182.2444,3517235
2015-12-07,182.254,182.3691,177.4579,177.9279,3499925
2015-12-08,176.4219,176.9495,174.4267,175.4627,2663754
2015-12-09,174.5993,177.314,172.4955,173.3428,3907459
2015-12-10,173.6113,176.4315,172.9591,174.6857,2212337
2015-12-11,172.3547,172.8056,168.3164,169.3619,3749952
2015-12-14,169.4675,171.3476,165.8512,169.2085,5102368
2015-12-15,171.6833,175.808,171.5586,174.5898,3398685
2015-12-16,176.5082,179.2612,174.2732,178.6185,3191740
2015-12-17,179.2612,180.23,175.1653,175.1653,2807871
2015-12-18,173.8128,174.4842,168.2396,168.3356,6740815
2015-12-21,170.2636,170.8871,168.6617,170.5034,2472858
2015-12-22,171.6065,173.3267,169.832,172.7097,2312805
2015-12-23,173.3332,175.5394,173.1029,175.4914,2367940
2015-12-24,174.8392,175.7025,174.5993,175.031,1107633
2015-12-28,174.3595,174.5154,172.5082,174.2157,1723330
2015-12-29,175.3667,176.6713,175.0601,176.0478,1848921
2015-12-30,175.808,176.0478,174.4267,174.5898,1514347
2015-12-31,173.7744,175.4291,172.6905,172.8823,1773881
2016-01-04,168.6233,169.9663,166.6761,169.9183,3745474
2016-01-05,169.5058,170.2636,165.8703,166.9926,4521610
2016-01-06,164.326,165.007,162.2061,162.9159,5539404
2016-01-07,159.8751,162.5898,156.9303,157.9087,5687935
2016-01-08,159.9519,161.5538,156.9591,157.2564,4929788
2016-01-11,158.2732,159.6737,156.6809,158.9735,4386469
2016-01-12,160.0862,161.3236,156.6425,158.9543,4441260
2016-01-13,159.6737,160.2876,151.4819,152.5082,5252478
2016-01-14,153.7648,155.8847,150.3692,154.8104,4272470
2016-01-15,150.3116,151.549,147.5394,149.266,6237182
2016-01-19,151.1365,152.2876,148.9541,150.4267,5860559
2016-01-20,147.8176,151.9135,145.4675,147.4819,9369148
2016-01-21,147.6929,148.8344,145.314,145.4675,5738849
2016-01-22,148.278,150.5898,147.5874,150.4651,5583770
2016-01-25,150.0238,150.1485,144.9591,144.9591,5051693
2016-01-26,145.2373,149.7361,145.0262,148.1533,5237676
2016-01-27,147.3284,151.9711,146.9447,147.4531,5153084
2016-01-28,148.6905,151.6066,146.3116,150.6569,4292910
2016-01-29,152.1725,155.0022,151.3476,154.9735,4887892
2016-02-01,153.8704,154.4363,151.9903,153.1413,2963524
2016-02-02,150.5994,150.5994,144.0334,145.5154,6316219
2016-02-03,146.2828,147.5682,141.0166,146.4555,5893224
2016-02-04,146.091,151.5106,145.8128,150.1102,4573051
2016-02-05,151.1461,153.1893,149.3428,150.091,4596102
2016-02-08,147.5586,147.5586,139.3284,143.1653,8680044
2016-02-09,139.5874,143.8368,139.1845,142.2061,6919394
2016-02-10,143.8847,147.127,141.2085,141.2277,7609581
2016-02-11,137.5634,138.5226,133.3812,134.9543,10252167
2016-02-12,137.8896,140.537,137.8416,140.1725,9009284
2016-02-16,143.5011,144.3452,141.4387,142.9447,10198018
2016-02-17,144.6521,145.6785,144.1821,144.7864,5578840
2016-02-18,145.0838,145.8032,141.362,141.7073,5895488
2016-02-19,141.0071,141.7073,139.5011,140.9207,5257315
2016-02-22,143.1174,143.8752,142.1869,142.7241,4287935
2016-02-23,141.9663,142.0142,138.1773,139.0023,4249590
2016-02-24,137.2469,139.7025,134.5418,139.6258,5714714
2016-02-25,140.0478,142.9879,139.3092,142.2061,4299645
2016-02-26,143.6162,145.7744,142.9352,144.1246,5924462
2016-02-29,144.2691,144.7893,142.8914,144.0571,5506409
2016-03-01,145.4251,149.1053,145.165,148.9897,6490380
2016-03-02,149.086,149.7219,147.8336,148.5562,5047517
2016-03-03,148.3635,149.9627,147.7469,149.6448,3615826
2016-03-04,150.6468,153.036,149.6063,151.0996,5256715
2016-03-07,150.2903,150.6468,148.7585,149.6641,2771943
2016-03-08,148.3635,148.5851,145.955,146.0513,3830392
2016-03-09,146.5427,146.9184,143.7199,144.4232,3250915
2016-03-10,144.9049,147.9781,143.3924,145.4926,4631750
2016-03-11,147.6698,148.5176,146.7932,148.3057,4058665
2016-03-14,148.0359,148.7946,146.5619,147.8722,3317896
2016-03-15,147.0629,147.1496,145.3776,146.4656,3732326
2016-03-16,145.3962,147.2556,144.2305,145.0301,4310259
2016-03-17,144.8856,148.3404,143.3057,147.3134,4431729
2016-03-18,148.2768,152.3905,148.2383,151.8317,7413219
2016-03-21,151.4849,153.0842,150.0494,150.5697,4410159
2016-03-22,149.8086,149.8953,147.7469,148.5562,3521484
2016-03-23,148.6043,149.8568,147.9685,148.4406,3633368
2016-03-24,146.8221,147.4386,144.6351,147.4001,3693406
2016-03-28,147.535,148.9801,146.8028,148.2094,2308573
2016-03-29,147.2749,149.6641,145.955,149.3558,2919470
2016-03-30,150.4155,152.2388,149.2228,150.772,3130594
2016-03-31,150.4637,151.7161,150.3481,151.2344,2927346
2016-04-01,150.7335,154.1535,149.4088,153.9705,3373383
2016-04-04,154.115,154.1439,151.6294,151.9955,2478645
2016-04-05,150.7142,150.8009,148.8934,149.6641,2822667
2016-04-06,149.5774,150.5504,148.2864,149.5099,2927406
2016-04-07,148.0263,148.3924,143.903,144.9049,4786805
2016-04-08,146.5041,147.2749,144.5195,144.7797,3122203
2016-04-11,145.6467,148.2672,144.9049,146.6294,3464286
2016-04-12,147.0822,149.4136,145.7623,148.6622,2732861
2016-04-13,150.8009,154.1343,150.6564,153.9994,5151130
2016-04-14,153.6911,156.3337,153.325,155.0206,3067064
2016-04-15,155.3289,155.8586,152.4098,152.7181,3467926
2016-04-18,151.8414,154.1439,151.3982,153.1998,3031476
2016-04-19,151.9762,157.7085,151.2537,156.6969,5832226
2016-04-20,156.0707,161.3212,156.0129,160.8684,4802171
2016-04-21,160.4542,162.7181,158.9705,159.2692,4165144
2016-04-22,159.722,161.3598,159.5967,160.6468,2680296
2016-04-25,159.9243,161.2634,158.0553,159.0476,2472984
2016-04-26,159.327,159.9243,158.2094,159.7701,2251595
2016-04-27,159.7605,162.4821,158.8935,160.8106,3323594
2016-04-28,159.2981,161.196,158.0071,158.2769,2528028
2016-04-29,157.8048,158.6526,156.6102,158.1035,2890849
2016-05-02,159.038,161.0707,157.9879,160.0977,1998361
2016-05-03,157.6699,158.1035,155.4638,157.169,2776969
2016-05-04,155.3,156.6478,153.2672,154.2113,3203857
2016-05-05,154.8953,154.9339,152.6988,153.6911,2366854
2016-05-06,152.4001,154.3077,151.2633,153.036,2306976
2016-05-09,152.4098,153.9994,151.0514,151.745,2097854
2016-05-10,152.8626,155.589,152.5928,155.5119,2379590
2016-05-11,155.4541,156.5813,153.4502,153.5851,2096918
2016-05-12,154.4522,155.5601,151.5523,152.2845,2448136
2016-05-13,152.1015,153.8693,149.5774,149.6545,2550093
2016-05-16,149.6545,151.1574,148.9415,149.693,3177707
2016-05-17,149.0764,151.3597,148.1419,148.9897,2701459
2016-05-18,149.1439,154.1439,148.9897,154.0861,3653260
2016-05-19,152.8722,154.0956,148.8645,149.0379,4711959
2016-05-20,150.0591,150.6853,148.2884,148.8548,3247841
2016-05-23,148.7874,150.377,148.1131,149.7604,2767609
2016-05-24,150.9358,152.747,150.7142,151.8221,3039543
2016-05-25,152.2749,156.3501,152.246,155.3481,3260320
2016-05-26,155.2614,155.4288,153.3443,153.3443,2576124
2016-05-27,153.5181,155.1626,153.1534,154.321,2157794
2016-05-31,155.1626,156.3718,153.373,154.2727,2916146
2016-06-01,152.7443,155.3077,150.9063,154.7467,2581557
2016-06-02,154.9111,155.0949,153.2883,154.0792,2257052
2016-06-03,150.7709,151.4287,148.8362,150.5871,4329320
2016-06-06,151.1481,152.7529,150.6838,151.9317,2540381
2016-06-07,152.0671,152.3283,150.1034,150.1034,2489706
2016-06-08,150.1324,151.4674,148.8845,149.5907,2426771
2016-06-09,148.7685,149.2521,147.4829,148.1687,2712162
2016-06-10,146.4081,146.7079,144.6862,144.9958,4335725
2016-06-13,144.1349,146.3752,143.7382,143.7769,3385841
2016-06-14,143.3803,144.1832,140.7008,141.4166,5069610
2016-06-15,142.3549,143.8447,141.1361,141.3876,2981372
2016-06-16,140.2655,142.1905,138.8435,141.8422,3499194
2016-06-17,141.8422,143.39,140.7104,140.8846,4296532
2016-06-20,143.6512,145.5859,142.7612,142.9257,3338934
2016-06-21,143.6512,143.9704,142.3162,143.5061,2424787
2016-06-22,143.1772,145.2183,143.1578,143.3029,2487606
2016-06-23,145.6439,147.8108,145.2376,147.6754,2940458
2016-06-24,138.3598,141.6391,136.3187,137.228,9442225
2016-06-27,135.4964,136.6186,133.6875,134.9547,7397164
2016-06-28,137.5666,137.9583,135.2546,137.76,5041530
2016-06-29,138.9112,140.7975,138.2632,140.7491,3804113
2016-06-30,141.8809,144.0188,140.6234,143.7286,4528624
2016-07-01,143.6415,145.7794,143.2352,143.4093,3096778
2016-07-05,141.9293,142.1421,138.65,139.7334,3942959
2016-07-06,138.2727,141.1747,137.9671,140.8265,2941759
2016-07-07,141.2328,143.2546,140.6137,142.2002,2578292
2016-07-08,144.4831,145.9922,143.4674,145.4698,3281405
2016-07-11,146.5436,147.9849,146.4371,147.2207,3042069
2016-07-12,148.9716,152.1155,148.8942,151.7963,5119409
2016-07-13,151.8736,153.1022,151.0514,152.7636,4276430
2016-07-14,155.0562,157.9099,154.7854,157.2328,5087724
2016-07-15,157.5423,157.8132,155.4528,156.3621,3078402
2016-07-18,157.0586,158.7321,156.7201,157.997,4734502
2016-07-19,156.7297,158.7225,155.4819,156.1396,5399685
2016-07-20,157.2424,157.5713,154.0212,156.4879,3547824
2016-07-21,156.4299,156.6137,154.5532,154.8241,2997187
2016-07-22,155.0562,155.4819,154.6403,155.1723,1811695
2016-07-25,154.4274,156.0623,154.3984,155.269,1956099
2016-07-26,155.4335,156.2267,154.2146,155.8978,2150146
2016-07-27,155.9365,156.8748,155.1723,155.7334,2317561
2016-07-28,154.9498,155.7043,153.6536,155.2884,2047424
2016-07-29,154.3017,154.9595,153.4698,153.6245,2388194
2016-08-01,153.6245,154.6983,152.7733,153.0151,2316300
2016-08-02,152.5024,153.286,150.2969,150.9643,3182783
2016-08-03,151.3416,153.76,151.0804,153.1699,2284670
2016-08-04,153.0538,153.7116,152.2703,152.8894,2005699
2016-08-05,154.5339,156.8361,154.0018,156.7974,2676100
2016-08-08,156.8071,158.6257,156.7201,157.5133,2266612
2016-08-09,157.1941,159.2052,157.1941,158.1034,1957434
2016-08-10,158.113,158.2581,156.7201,156.8942,1656141
2016-08-11,156.9039,158.8869,156.6427,158.5097,1827689
2016-08-12,157.3585,158.0357,156.7781,157.9196,1440839
2016-08-15,158.5193,160.425,158.4516,160.1445,2222188
2016-08-16,159.6028,161.315,159.3416,160.2412,2523774
2016-08-17,160.5217,160.8893,159.3609,160.2606,2061908
2016-08-18,159.9413,161.1215,159.2545,160.6378,1750624
2016-08-19,159.9607,161.4504,159.1288,160.8023,1840878
2016-08-22,160.5798,161.4601,159.506,160.8313,1448111
2016-08-23,161.5471,162.3694,160.5604,160.6572,1965548
2016-08-24,160.367,161.2569,159.4673,159.9026,2035311
2016-08-25,159.6898,160.6185,159.2352,160.483,1441362
2016-08-26,161.315,162.5822,159.9607,160.5508,2402214
2016-08-29,161.1602,162.379,160.7249,161.4213,2620945
2016-08-30,161.8778,164.6163,161.6361,164.4804,2934067
2016-08-31,164.3639,165.3253,162.6352,164.5678,3688209
2016-09-01,165.0922,165.1602,161.8486,163.6452,2843274
2016-09-02,163.6549,164.8397,163.0528,164.2959,1747492
2016-09-06,163.8492,164.8883,162.6304,164.4415,2034947
2016-09-07,163.8297,165.2961,163.7812,164.7717,1584347
2016-09-08,164.461,166.9179,163.8394,166.7043,3031625
2016-09-09,165.8982,167.4423,163.6452,163.7035,3411750
2016-09-12,162.1885,166.714,161.431,166.1216,2647877
2016-09-13,163.6744,165.0631,161.5767,162.1788,2788205
2016-09-14,162.1788,163.014,160.8095,161.3631,1995901
2016-09-15,160.994,163.888,160.9746,163.2276,1666130
2016-09-16,163.0043,163.1985,160.8289,161.2077,4534927
2016-09-19,162.509,163.451,160.8969,161.4116,2030742
2016-09-20,162.8392,163.4219,161.5864,161.6641,1533159
2016-09-21,162.5867,163.4219,161.1397,162.2079,2333687
2016-09-22,163.5869,164.444,162.8586,163.1694,2467664
2016-09-23,162.9072,163.2471,160.2851,160.3628,3421183
2016-09-26,159.1003,159.2363,156.352,156.8182,2772196
2016-09-27,156.0801,158.7303,155.2061,158.1875,2602686
2016-09-28,158.6245,159.0615,157.0124,158.7313,1678107
2016-09-29,158.6633,159.2266,153.2153,154.3612,3733830
2016-09-30,155.3323,157.7213,153.2444,156.6142,4497189
2016-10-03,155.8665,157.0512,155.6237,156.42,2444718
2016-10-04,156.5851,159.4111,156.5754,157.5854,2469912
2016-10-05,158.6051,161.7612,158.2991,161.5961,2548215
2016-10-06,162.3536,162.4604,160.0617,162.3245,2858217
2016-10-07,162.6644,165.0728,161.4408,164.9271,3390244
2016-10-10,165.5972,166.7917,165.1893,166.1022,2532001
2016-10-11,164.9368,165.9371,163.0625,164.1599,2679967
2016-10-12,164.1599,165.0825,163.4423,164.4124,2404792
2016-10-13,162.7615,162.7906,160.7318,162.5867,2713705
2016-10-14,166.646,167.957,164.2279,165.5972,5282325
2016-10-17,165.5778,166.3255,163.5869,164.1211,3061380
2016-10-18,167.0442,168.462,166.1604,167.6463,4482486
2016-10-19,168.3649,170.6082,168.1804,169.472,3676036
2016-10-20,168.9767,170.715,168.7825,169.472,2471135
2016-10-21,167.8502,169.8507,167.5297,169.6274,2004401
2016-10-24,170.4334,170.715,169.3166,170.0644,1943200
2016-10-25,169.9867,170.8801,169.5992,170.482,2423299
2016-10-26,169.7439,172.7641,168.9087,171.9581,2533800
2016-10-27,173.0458,173.6867,171.4725,172.6185,3021949
2016-10-28,173.3565,173.3565,170.3946,172.0261,2042775
2016-10-31,172.5505,173.3468,172.1135,173.0943,1828180
2016-11-01,173.8324,174.0072,171.5114,172.9195,2900633
2016-11-02,171.9581,172.3757,170.987,171.4822,2104770
2016-11-03,171.6668,172.8321,171.1229,171.1229,1972746
2016-11-04,171.2395,172.2203,169.6857,170.8413,1846465
2016-11-07,173.8324,176.2602,173.8324,176.2408,3338783
2016-11-08,174.9103,177.4061,173.308,176.6681,2646158
2016-11-09,179.6592,187.9526,178.1539,187.0689,7823835
2016-11-10,188.914,198.7613,188.3993,195.071,11345422
2016-11-11,192.5266,199.0818,192.5266,198.0524,6290179
2016-11-14,198.2563,205.6563,198.2563,203.1411,8248097
2016-11-15,200.5967,205.1028,199.2469,205.0931,4893793
2016-11-16,201.3639,202.0729,198.9167,200.3054,5276156
2016-11-17,200.3054,203.6364,199.7324,203.5781,3572432
2016-11-18,203.8112,205.9477,203.6655,204.2773,4278161
2016-11-21,205.3553,205.5786,203.1411,204.9862,2860229
2016-11-22,205.2582,205.8311,203.8306,205.0154,2945664
2016-11-23,205.3941,207.249,203.3256,206.1807,3734360
2016-11-25,205.2582,206.6119,204.9095,205.2776,1973959
2016-11-28,203.9374,205.6466,203.549,204.2773,3297394
2016-11-29,204.5598,207.414,204.4916,206.2743,2577591
2016-11-30,209.6351,215.061,209.411,213.6193,6507871
2016-12-01,215.2169,221.2858,214.6519,220.7695,7606546
2016-12-02,220.1558,220.3993,215.4994,217.5841,5297420
2016-12-05,219.6882,223.273,219.4154,222.6399,4599300
2016-12-06,224.2277,226.6533,222.0067,225.3967,5259347
2016-12-07,224.442,229.9849,224.442,229.4686,6595232
2016-12-08,230.7544,236.1512,229.8972,235.2063,7343669
2016-12-09,234.388,235.742,232.7027,235.5959,5456047
2016-12-12,234.2808,236.5506,230.2576,231.0369,5020914
2016-12-13,232.8196,233.9691,229.415,232.3813,4680464
2016-12-14,229.5757,236.8331,229.2835,233.7256,6172391
2016-12-15,236.2194,239.2197,235.3719,236.7162,4829694
2016-12-16,236.5214,236.9013,232.2351,232.7222,6876447
2016-12-19,232.1767,233.5405,230.1505,232.8878,3743284
2016-12-20,234.3003,237.3494,234.0178,236.8039,4487687
2016-12-21,235.9758,236.1317,233.8717,235.1965,3277750
2016-12-22,234.992,236.5798,233.3554,233.9107,2637229
2016-12-23,233.3457,235.6446,232.732,234.7387,2187498
2016-12-27,235.6933,236.3167,234.1834,235.3134,1998164
2016-12-28,237.3883,238.1774,234.2224,234.427,3052978
2016-12-29,234.5244,234.8361,230.5207,232.0208,2619021
2016-12-30,232.3423,234.2808,231.261,233.258,2355544
2017-01-03,236.4239,238.6352,231.8163,235.3232,4384246
2017-01-04,235.1965,237.0279,233.823,236.8428,2728709
2017-01-05,236.4434,236.9426,230.657,235.0796,3562618
2017-01-06,236.0245,239.8334,235.1283,238.5671,3591079
2017-01-09,236.9597,238.3625,235.2258,236.609,3022766
2017-01-10,234.6413,237.1448,232.8683,236.2973,3432904
2017-01-11,236.4921,239.4827,235.742,239.4048,3532563
2017-01-12,238.7229,239.1193,235.3232,237.5345,4022328
2017-01-13,239.0834,241.3628,236.6285,237.9826,4186076
2017-01-17,236.6577,236.7746,229.5173,229.6439,6277192
2017-01-18,229.8972,231.5435,225.5331,228.2314,7590482
2017-01-19,228.0171,228.6795,224.6563,225.4259,4561821
2017-01-20,225.6305,227.1988,224.5784,226.1955,5211836
2017-01-23,225.8643,227.7073,224.783,226.6533,3136161
2017-01-24,225.8643,229.9557,224.8706,227.6372,4448152
2017-01-25,229.4394,231.1928,228.4214,231.1149,3716771
2017-01-26,231.3292,234.5633,231.3292,233.3846,4195574
2017-01-27,230.7739,231.8163,229.9069,230.8226,3253002
2017-01-30,229.4881,230.1797,225.5331,227.8515,3803259
2017-01-31,226.8287,228.2899,222.2599,223.3899,5156419
2017-02-01,224.5492,226.8384,223.5848,224.705,4024490
2017-02-02,222.6009,226.3221,221.1786,224.4518,2775736
2017-02-03,228.4555,234.8751,228.1438,234.7192,7381005
2017-02-06,233.4041,237.3494,232.9852,233.7743,4639232
2017-02-07,234.914,235.1965,233.1995,233.4236,2660247
2017-02-08,232.1377,232.7612,230.1992,231.5825,2744667
2017-02-09,232.6248,236.9993,231.2805,235.3037,3550836
2017-02-10,237.0766,237.8462,234.992,236.4434,3072771
2017-02-13,238.1677,241.0803,238.1677,239.9016,2998225
2017-02-14,239.6484,243.5352,239.3366,243.0091,4141460
2017-02-15,244.1002,245.4347,242.0837,244.0612,4296636
2017-02-16,243.8274,244.295,242.0155,242.9897,2286305
2017-02-17,241.1096,244.0807,240.7199,243.9053,3262325
2017-02-21,244.5093,246.1166,244.2268,245.2497,2794893
2017-02-22,243.5936,245.8244,243.5352,245.2204,2378769
2017-02-23,244.8113,245.386,242.8747,244.6944,2594747
2017-02-24,241.2946,242.4441,239.736,240.9537,3565388
2017-02-27,240.8173,243.3014,240.2328,242.8825,2373359
2017-02-28,242.2184,243.195,239.8841,242.277,3627095
2017-03-01,247.7952,249.2017,245.4024,246.8186,5218289
2017-03-02,247.6097,248.3082,245.1191,245.207,3020047
2017-03-03,245.8614,248.811,245.6368,246.9944,3169639
2017-03-06,246.2911,246.8381,244.6601,246.1349,2467023
2017-03-07,246.6037,247.1018,244.4745,245.0507,2497340
2017-03-08,247.7073,248.8305,243.7908,244.4061,3584206
2017-03-09,245.3633,246.8479,243.7029,244.3475,3061457
2017-03-10,245.9688,246.0274,241.1147,242.5895,3365853
2017-03-13,243.5076,243.5076,241.4451,242.3746,1801062
2017-03-14,241.0561,242.0523,239.6887,241.9449,2144231
2017-03-15,242.5602,244.4452,239.8352,241.0268,3427047
2017-03-16,242.0719,244.3671,241.5444,242.4332,2940620
2017-03-17,243.8592,243.8592,238.1749,238.253,5438111
2017-03-20,237.6475,239.2199,235.8894,236.495,2759141
2017-03-21,237.6377,237.6377,227.3629,227.5681,5660889
2017-03-22,225.8247,227.4899,223.8163,225.683,6291278
2017-03-23,225.3705,229.1601,224.5892,226.4937,4770674
2017-03-24,227.5681,228.2517,221.6786,223.0851,6387341
2017-03-27,218.0942,221.7763,215.7013,220.2234,9194797
2017-03-28,220.321,224.3938,219.8522,223.9836,4471227
2017-03-29,224.0422,224.6038,222.2158,223.1241,2635989
2017-03-30,224.1301,226.5914,224.0324,225.8296,3156815
2017-03-31,225.1556,225.4193,223.3976,224.3645,2858414
2017-04-03,224.638,224.7357,220.3113,223.6222,3735559
2017-04-04,222.4111,225.3119,221.9814,223.9152,3042692
2017-04-05,226.7379,227.4606,222.0107,222.3525,5286925
2017-04-06,221.7958,224.7552,220.448,223.3097,2927189
2017-04-07,221.3173,223.4953,220.9559,222.5674,2853120
2017-04-10,222.6846,224.4329,221.6591,223.5539,2653919
2017-04-11,222.4697,224.052,220.1355,222.4307,3374674
2017-04-12,222.3428,222.9288,219.9792,220.4871,2947529
2017-04-13,219.9304,222.8507,217.8793,218.1137,3653655
2017-04-17,218.6802,221.5907,217.8207,220.9852,4190874
2017-04-18,214.207,214.7637,208.2101,210.5639,12464020
2017-04-19,210.8374,212.1169,208.6301,209.0989,6428792
2017-04-20,210.476,213.8749,209.9877,212.9763,5168225
2017-04-21,213.4549,214.0702,211.3355,211.8043,3845675
2017-04-24,216.0236,219.569,215.1641,218.0161,5353490
2017-04-25,220.9266,222.6651,219.9011,221.3466,3996884
2017-04-26,221.8056,224.0129,220.8191,220.9266,3765254
2017-04-27,221.4149,221.4149,218.3091,220.5457,2805768
2017-04-28,220.0573,221.4833,218.5044,218.5825,2936589
2017-05-01,219.6569,221.1122,215.7794,219.6081,3004791
2017-05-02,219.6178,220.575,217.9727,219.8718,2602378
2017-05-03,219.2174,221.4052,219.0904,221.034,3042164
2017-05-04,222.9386,223.5539,219.569,221.3075,2935035
2017-05-05,221.5907,222.168,220.0476,221.581,2435823
2017-05-08,221.4638,222.04,219.3639,219.7839,2316814
2017-05-09,220.2136,221.2831,217.7328,218.5435,2145374
2017-05-10,218.2505,220.0964,217.8598,219.6374,2630391
2017-05-11,219.1197,219.8425,216.971,219.5202,2440345
2017-05-12,218.2798,219.2564,217.2933,217.6254,2166084
2017-05-15,217.9282,221.288,217.6547,219.8718,2468056
2017-05-16,220.1843,221.5321,219.1783,220.3406,1710650
2017-05-17,216.5608,216.9808,208.1515,208.7375,7525741
2017-05-18,209.011,212.5368,208.8743,210.144,4792351
2017-05-19,209.8607,212.7224,209.011,210.3686,3747072
2017-05-22,212.3024,212.5661,210.3784,210.9839,2506111
2017-05-23,210.9351,215.6427,209.6556,214.5195,3308804
2017-05-24,214.8711,219.1685,214.3339,218.6118,4156079
2017-05-25,219.1783,220.1941,217.1175,217.2835,2640017
2017-05-26,216.8343,219.0025,216.0236,218.3188,1787060
2017-05-30,217.3878,217.9856,213.6443,214.0461,3097752
2017-05-31,213.8697,213.9285,205.4223,207.0295,8311998
2017-06-01,208.3524,211.6059,206.5689,210.7044,4057944
2017-06-02,208.6758,210.9004,207.6664,209.0384,3692017
2017-06-05,208.813,211.4883,208.421,209.7048,2696644
2017-06-06,208.2544,211.6941,208.225,210.234,2891323
2017-06-07,211.0572,212.8799,210.0184,211.4589,2679400
2017-06-08,211.2434,216.5744,210.332,214.3793,3765607
2017-06-09,216.4078,219.3673,215.3494,217.9856,4455389
2017-06-12,219.1517,220.7197,215.2515,217.4662,3388246
2017-06-13,218.8774,222.2583,218.309,219.7103,2767809
2017-06-14,218.5246,222.3955,217.3192,221.9741,3652867
2017-06-15,220.3081,221.8173,218.3384,218.7598,3378908
2017-06-16,218.1914,219.1909,216.7019,217.3682,3758320
2017-06-19,218.9558,222.4935,218.6422,221.6017,2900873
2017-06-20,220.9941,222.0034,219.7005,220.5923,2264178
2017-06-21,220.0435,220.4257,217.4885,218.0346,3015320
2017-06-22,217.0056,217.4564,214.8987,215.369,3344571
2017-06-23,216.0844,216.2706,212.1253,212.8407,4448712
2017-06-26,213.8893,217.525,213.3369,216.0256,2589455
2017-06-27,217.3976,217.9562,215.1633,215.8688,2899441
2017-06-28,217.427,220.1317,216.3294,218.75,3482752
2017-06-29,223.7968,224.2084,218.5638,219.9161,5063410
2017-06-30,220.7981,221.5233,217.1036,217.4564,3154274
2017-07-03,219.9651,224.4828,218.946,222.7287,2846554
2017-07-05,223.8066,224.3358,220.7001,223.4734,2772023
2017-07-06,223.4048,225.453,220.7393,222.1505,3076622
2017-07-07,223.6596,223.9142,219.9259,220.7687,2697551
2017-07-10,219.7789,222.7875,219.4751,221.3175,2357526
2017-07-11,221.5135,223.3852,220.1709,222.4053,2742870
2017-07-12,221.8663,224.4338,221.5429,222.8365,2567280
2017-07-13,222.8365,226.0214,222.4053,225.7862,2852577
2017-07-14,222.6699,225.012,220.5923,224.0222,3703571
2017-07-17,224.1496,225.0411,222.6601,224.669,2551771
2017-07-18,222.9443,225.747,218.2992,218.8382,6400673
2017-07-19,218.4462,219.7103,217.231,218.407,4884634
2017-07-20,218.5344,220.2547,217.1722,217.8484,3497758
2017-07-21,217.4466,217.8582,214.7027,215.7708,3446620
2017-07-24,214.5557,215.3266,213.6345,213.8109,3168178
2017-07-25,215.9276,218.4094,215.7708,217.1428,3509470
2017-07-26,217.9954,219.2595,217.427,217.7994,2792457
2017-07-27,217.3976,218.2502,216.0158,217.0448,2812519
2017-07-28,217.329,219.1909,216.4372,219.1321,2483233
2017-07-31,219.4653,220.9843,218.5834,220.8177,1999637
2017-08-01,222.5425,224.0418,222.1897,222.4543,2986784
2017-08-02,221.8663,223.1696,221.0529,221.7389,1863287
2017-08-03,221.4743,222.1995,219.4849,219.5045,2106377
2017-08-04,221.5233,225.1884,220.5531,225.1884,3400343
2017-08-07,225.1982,228.4615,224.6984,228.2557,3809764
2017-08-08,227.7461,231.1074,227.0601,227.4031,3322548
2017-08-09,225.7078,226.8544,224.473,226.384,2571146
2017-08-10,224.4338,224.8591,220.9506,220.9843,3325531
2017-08-11,220.5629,222.1406,218.1914,219.6613,2956601
2017-08-14,221.8369,225.2276,221.7649,222.8071,2266069
2017-08-15,224.9728,225.992,222.9443,223.0325,1867043
2017-08-16,223.689,224.424,220.4943,221.0921,2393898
2017-08-17,219.8867,221.4547,216.6822,216.986,3460287
2017-08-18,216.3686,219.6035,216.1334,217.7014,3149324
2017-08-21,217.9464,217.9464,214.8203,216.3686,2203270
2017-08-22,217.4172,219.2987,216.8978,219.1028,2021309
2017-08-23,217.4564,220.3081,216.8978,218.2796,2568023
2017-08-24,219.2889,220.068,218.1326,218.5246,2263028
2017-08-25,219.1615,220.4442,217.6818,218.015,2232476
2017-08-28,218.4462,218.6177,214.4773,215.9374,2641607
2017-08-29,213.6464,216.4589,212.1517,216.2915,2369131
2017-08-30,216.5767,220.4805,216.4193,218.7105,2411427
2017-08-31,219.5266,220.7459,218.8678,220.0085,2240611
2017-09-01,220.8049,223.7647,219.802,222.1128,2346855
2017-09-05,220.1166,220.2641,213.6759,214.1479,5651453
2017-09-06,215.3278,217.3338,213.9807,215.1803,3613562
2017-09-07,215.082,215.1607,211.0602,212.2402,3594587
2017-09-08,211.9157,215.6228,211.8076,213.5874,3120862
2017-09-11,216.3997,218.1893,215.3377,217.3732,2971497
2017-09-12,218.8285,223.8926,218.3171,222.1816,3745841
2017-09-13,221.4933,223.3518,220.9721,222.7814,2383468
2017-09-14,222.3291,224.2957,222.2799,223.0666,1986626
2017-09-15,223.3616,223.4206,220.0871,221.4638,4365813
2017-09-18,222.5258,225.1807,221.8964,223.7352,2466828
2017-09-19,224.2072,226.2974,223.5386,225.0922,1858009
2017-09-20,225.6724,227.7865,224.6891,225.9576,2682253
2017-09-21,226.0559,228.229,225.5741,227.4325,1800822
2017-09-22,226.7934,227.6292,225.0627,227.1769,1861843
2017-09-25,226.9212,227.993,224.5467,226.4197,2261753
2017-09-26,227.0097,227.58,225.2102,226.1051,1770007
2017-09-27,230.1662,231.6707,229.0255,230.8447,3072128
2017-09-28,231.0807,232.2606,229.6057,231.5428,2121841
2017-09-29,231.0905,233.6373,230.6578,233.2341,1902308
2017-10-02,233.244,237.0785,233.1456,236.6364,2501272
2017-10-03,237.0494,238.6621,235.6924,237.5903,2010771
2017-10-04,237.5903,238.8292,236.1156,236.3021,1840415
2017-10-05,236.9806,242.2119,236.1153,241.9562,3521265
2017-10-06,242.1922,242.9543,240.5304,241.9169,2396134
2017-10-09,241.0614,242.2414,237.9836,238.7506,2165180
2017-10-10,238.7506,239.6651,237.6689,238.5539,2187050
2017-10-11,237.9639,239.1439,237.3248,238.3572,2175706
2017-10-12,238.2884,239.3602,234.7681,235.8006,2148150
2017-10-13,235.0139,235.4564,232.89,234.5518,2491012
2017-10-16,234.6206,238.7112,234.3748,238.3671,2969192
2017-10-17,240.3632,240.8057,231.2675,232.1525,7088445
2017-10-18,232.9195,238.6031,232.9195,237.9934,4235853
2017-10-19,236.3414,236.9708,234.129,235.9874,2710875
2017-10-20,238.8981,241.1597,236.6561,240.6484,3022769
2017-10-23,240.3141,241.2384,237.3552,238.0917,1963295
2017-10-24,239.5372,242.143,238.9472,240.7565,2285251
2017-10-25,242.0545,242.3889,236.7839,237.7083,2568583
2017-10-26,238.5637,239.9306,237.5018,237.6886,1948825
2017-10-27,236.8331,238.3966,235.6728,237.6788,2111903
2017-10-30,236.0956,238.5441,235.5351,236.8724,1764451
2017-10-31,236.6659,240.1076,236.6168,238.4359,2658731
2017-11-01,239.8224,243.2739,238.8587,240.1862,2969572
2017-11-02,240.609,243.6082,239.3209,242.7625,2509072
2017-11-03,241.2777,242.1725,239.1341,240.3239,1954583
2017-11-06,239.4389,240.4999,237.6394,239.4291,1744764
2017-11-07,239.8421,240.8942,234.8566,235.8104,2483904
2017-11-08,235.2106,238.2786,233.5881,237.2264,2349780
2017-11-09,235.5154,238.3248,233.8733,236.7741,2122505
2017-11-10,237.6591,239.2619,235.9973,236.1448,1845619
2017-11-13,234.0011,236.8823,233.2046,236.2628,1953911
2017-11-14,235.6531,236.8626,231.7002,233.2833,3000194
2017-11-15,231.0512,234.1781,229.6548,233.6471,2564130
2017-11-16,234.4043,236.6758,234.2273,235.3778,2304336
2017-11-17,234.8763,235.0926,233.1653,234.0503,2826379
2017-11-20,234.7976,234.7976,233.1555,234.1585,2000660
2017-11-21,235.4171,235.5941,233.5783,234.0503,2223847
2017-11-22,233.9716,234.9648,232.418,232.4868,2177237
2017-11-24,233.4603,234.5813,231.6215,232.0148,1268608
2017-11-27,231.8182,232.9293,230.884,231.1888,1999613
2017-11-28,232.1525,235.9973,230.4218,235.4171,3212932
2017-11-29,237.972,241.1482,237.1335,238.0805,4500022
2017-11-30,240.7537,247.3824,240.6846,244.2752,6364574
2017-12-01,246.3861,247.2739,240.6945,245.5674,4765370
2017-12-04,251.4267,251.4365,246.613,247.2443,3326126
2017-12-05,247.3922,247.9348,244.0483,244.9558,2526845
2017-12-06,243.8707,244.7043,241.7993,242.6081,2331424
2017-12-07,241.2962,246.0902,241.0792,245.1827,2666989
2017-12-08,247.0963,247.2739,243.8411,246.9483,1959075
2017-12-11,246.6031,247.9841,245.3799,246.7313,1494228
2017-12-12,247.4021,254.6917,247.2788,254.1787,3464242
2017-12-13,254.307,256.9604,252.0876,252.0876,3482341
2017-12-14,253.2811,256.0233,252.0086,252.0086,3353191
2017-12-15,253.2121,255.4512,251.2984,253.6757,5283374
2017-12-18,256.9604,258.44,255.6386,256.4869,2575573
2017-12-19,257.2564,258.2428,252.6991,252.995,2195500
2017-12-20,254.8742,255.5696,251.0913,251.7127,2052359
2017-12-21,252.8964,258.5288,252.7978,257.4635,3337818
2017-12-22,256.8174,258.5745,254.2182,255.4512,2100623
2017-12-26,254.6818,255.6781,252.5216,254.2182,1289310
2017-12-27,254.4747,254.4747,252.0481,252.4723,1567928
2017-12-28,253.4883,253.508,251.6338,253.0148,1301165
2017-12-29,252.3933,253.1626,249.4736,251.2984,2519253
2018-01-02,254.2675,254.4056,250.4698,252.1961,2258261
2018-01-03,252.0086,252.6597,249.7793,249.8484,2988206
2018-01-04,251.762,256.191,250.8644,253.3403,2583204
2018-01-05,253.6855,253.9913,250.2439,252.0481,2594712
2018-01-08,251.2886,251.7127,248.2011,248.3885,2940546
2018-01-09,249.3651,252.1258,249.1875,250.4896,2637346
2018-01-10,251.5352,251.6831,248.9212,250.8743,2927210
2018-01-11,252.275,252.4131,249.5327,251.6634,2422405
2018-01-12,252.275,253.8039,250.6375,253.5376,2849176
2018-01-16,255.7274,258.2132,252.912,254.9481,4445460
2018-01-17,257.4339,258.44,245.4553,250.2035,8608134
2018-01-18,251.0321,251.0814,247.1949,247.5599,4984536
2018-01-19,247.5895,252.6597,246.8596,252.6399,4643375
2018-01-22,251.979,259.2981,251.7226,257.9666,5264672
2018-01-23,254.4944,256.7237,253.36,256.556,4003561
2018-01-24,257.1972,262.1687,256.7631,262.07,4313964
2018-01-25,262.7309,266.8246,261.4091,265.3745,5054952
2018-01-26,263.8555,265.3449,262.435,264.4966,3535395
2018-01-29,265.3844,270.0698,265.1575,268.7776,3881092
2018-01-30,266.716,268.3042,263.4816,265.2857,3970433
2018-01-31,264.901,266.3313,262.7112,264.25,3710160
2018-02-01,262.5337,268.8862,262.3867,268.531,3388237
2018-02-02,266.3313,268.0576,255.8261,256.5067,5913920
2018-02-05,254.0111,259.7224,238.2186,245.7252,6528467
2018-02-06,240.8918,255.2342,238.8203,255.1849,6739908
2018-02-07,252.4229,258.3907,252.1862,253.6066,4125037
2018-02-08,254.4253,255.2638,242.7068,243.0027,4166152
2018-02-09,246.2283,248.2504,236.0386,245.9126,5978553
2018-02-12,247.7375,252.6695,245.4391,249.7202,3692544
2018-02-13,248.5858,252.9161,247.1752,252.058,2700493
2018-02-14,251.5352,259.1404,251.0193,259.0122,3793777
2018-02-15,262.149,264.3585,259.3377,264.0429,3523083
2018-02-16,262.3758,265.6211,262.2871,263.9837,2602502
2018-02-20,263.2636,265.197,259.7322,261.2908,2618423
2018-02-21,260.334,266.3313,259.5547,259.821,3017869
2018-02-22,260.8074,262.7013,257.1774,257.8778,2678880
2018-02-23,259.4265,263.3524,258.8346,263.1452,2507056
2018-02-26,263.8653,268.0872,263.1452,267.5742,2751367
2018-02-27,267.3178,269.409,264.2895,264.2895,3140609
2018-02-28,266.2282,266.5744,259.7293,260.0854,3104329
2018-03-01,259.7689,260.6987,253.4292,254.0019,3483534
2018-03-02,252.2412,256.4353,249.3726,255.3274,3122826
2018-03-05,253.6854,261.6879,253.4678,260.2733,2445846
2018-03-06,261.9055,264.9719,260.3624,264.0421,2217341
2018-03-07,259.848,263.5475,258.1224,262.4792,2509352
2018-03-08,263.597,265.1995,259.7886,263.4585,2565359
2018-03-09,265.793,268.1571,264.1509,267.8406,4410571
2018-03-12,268.0681,272.3315,267.8406,270.4223,3065557
2018-03-13,271.3719,272.0545,264.5466,265.6248,2288103
2018-03-14,267.4746,267.8505,261.0558,261.5692,2478684
2018-03-15,262.8452,266.0897,262.4792,263.7256,2255191
2018-03-16,263.1321,266.9305,262.4594,264.7049,4114368
2018-03-19,264.1015,264.6059,256.6628,259.6897,2426864
2018-03-20,260.4415,261.7769,259.054,260.3426,1514754
2018-03-21,260.1645,263.6069,257.4937,259.0171,2817633
2018-03-22,255.6242,257.9982,249.4517,249.8671,4489285
2018-03-23,250.886,252.1957,242.2801,242.6066,3634249
2018-03-26,247.9382,252.5973,245.762,252.1225,3787177
2018-03-27,253.1216,254.2789,242.9528,244.5849,2981484
2018-03-28,246.0885,248.512,241.7262,246.6721,2660194
2018-03-29,248.0767,250.243,245.6433,249.1352,3073925
2018-04-02,248.5416,249.8671,241.1327,244.6739,3429894
2018-04-03,245.9203,248.1756,243.2396,247.869,2488166
2018-04-04,243.0517,250.4804,241.8657,249.8869,2853211
2018-04-05,251.7466,255.2087,250.6585,253.0424,1924810
2018-04-06,248.7593,252.5775,244.0112,247.2656,3621939
2018-04-09,248.7593,254.7141,246.4743,249.4616,3256691
2018-04-10,255.1692,257.0783,253.1809,253.7942,3314641
2018-04-11,249.8573,252.073,247.0875,250.2035,3321982
2018-04-12,253.4974,257.9092,252.35,256.7815,3059104
2018-04-13,259.1061,259.6591,251.7862,253.1512,3026173
2018-04-16,254.3481,257.8399,253.8832,255.09,3257417
2018-04-17,258.7698,259.4127,249.61,250.886,10134395
2018-04-18,252.1423,254.2393,249.5209,251.252,4524761
2018-04-19,251.252,253.3886,250.0947,251.4202,3990014
2018-04-20,251.3509,252.9138,248.7593,249.2341,2930638
2018-04-23,248.9373,250.0155,243.5265,244.0013,3775874
2018-04-24,246.128,246.4545,237.443,239.8665,4705066
2018-04-25,239.5698,239.8385,234.9404,236.6418,5039886
2018-04-26,236.6814,239.0455,235.435,237.4925,2891094
2018-04-27,237.4035,239.3115,236.4341,237.2056,2136781
2018-04-30,238.363,240.4403,235.6427,235.7515,2790458
2018-05-01,234.9404,235.3262,231.4288,234.1095,3269793
2018-05-02,234.0403,235.3311,230.8947,231.5178,3710850
2018-05-03,229.9351,231.4684,224.9398,230.8848,4511425
2018-05-04,229.7967,234.2282,229.767,232.3982,2622252
2018-05-07,233.4467,235.5932,232.7296,234.6338,1979446
2018-05-08,235.6625,238.0563,233.4467,234.4359,3267002
2018-05-09,235.4053,239.4313,234.6812,239.1147,2434002
2018-05-10,239.4906,242.7648,237.5661,240.8062,2598955
2018-05-11,240.8062,242.2603,239.095,240.2919,1540146
2018-05-14,240.9645,243.2199,240.8656,241.2712,1928526
2018-05-15,240.371,241.3107,238.0662,238.9466,2165705
2018-05-16,238.6597,239.2236,237.9871,238.3531,1965177
2018-05-17,237.8189,239.8171,236.1967,236.5132,2462688
2018-05-18,235.524,236.1571,234.3073,234.4359,2698990
2018-05-21,236.5132,237.4727,234.7525,235.1283,1951741
2018-05-22,236.1175,238.0949,235.4053,235.4251,2551478
2018-05-23,234.3172,235.2965,231.8443,235.2372,3114002
2018-05-24,234.0403,234.6041,231.1222,233.5457,2308658
2018-05-25,232.4576,233.5654,231.7454,232.4675,1985610
2018-05-29,229.0152,229.9549,222.5855,224.5738,5323609
2018-05-30,227.264,227.9847,224.6235,227.4824,3348589
2018-05-31,225.6757,226.4401,222.4495,224.2264,5334873
2018-06-01,226.728,228.5644,226.4202,226.6783,3330852
2018-06-04,228.6637,229.4578,227.2739,228.207,2133594
2018-06-05,227.264,227.6611,225.6261,226.6684,1986219
2018-06-06,228.1673,230.8774,227.6809,230.5299,2566410
2018-06-07,232.1778,234.1929,230.8376,231.741,2904959
2018-06-08,231.2943,232.5549,230.649,231.6814,2253128
2018-06-11,232.9024,233.4385,231.875,232.3763,1936809
2018-06-12,232.4061,233.508,230.1626,230.927,2079981
2018-06-13,231.9395,236.486,231.3935,232.1182,3637425
2018-06-14,234.1433,234.1631,230.8873,231.9395,2899565
2018-06-15,229.8053,231.4432,228.1574,230.2222,4738084
2018-06-18,228.5148,229.974,227.4725,229.6961,2327485
2018-06-19,226.5493,227.3633,224.5047,226.6485,3326561
2018-06-20,228.2368,228.2567,225.3003,226.1522,2678291
2018-06-21,224.7327,226.7577,222.9246,225.3184,3094630
2018-06-22,226.1125,228.8125,223.9286,224.3654,2892218
2018-06-25,222.8565,223.4871,218.7766,219.9182,3817727
2018-06-26,220.1564,221.169,217.5163,219.9579,2692887
2018-06-27,219.8586,223.8194,218.5284,218.5681,3103621
2018-06-28,218.6376,223.0153,217.9725,221.7844,3072630
2018-06-29,222.7572,223.5216,218.8362,218.9553,3395263
2018-07-02,218.1413,221.705,217.2877,221.6256,1723244
2018-07-03,222.8168,222.9955,218.3795,218.7667,1204376
2018-07-05,219.8785,220.5138,218.1711,219.124,2218550
2018-07-06,218.9255,221.566,218.2703,220.1663,1846534
2018-07-09,221.7249,226.5294,221.3675,226.321,2743874
2018-07-10,226.3309,227.1945,224.1952,225.1893,2524839
2018-07-11,224.1073,225.5864,223.5514,224.008,2527030
2018-07-12,225.9735,226.1323,224.1173,225.5566,2223060
2018-07-13,224.9709,226.9463,222.2907,224.7525,2543722
2018-07-16,225.5367,229.7457,225.0801,229.7457,3271217
2018-07-17,229.7854,231.5226,225.2092,229.3288,9280184
2018-07-18,230.6391,232.009,228.4651,229.5472,6149874
2018-07-19,229.4181,230.2917,227.3037,227.9489,4638844
2018-07-20,227.3335,230.3512,227.125,229.9939,2684620
2018-07-23,230.1031,233.1407,230.0237,232.0487,2788682
2018-07-24,233.0315,235.7415,232.6245,234.1532,2887509
2018-07-25,233.2896,235.1161,232.2373,234.9573,2174698
2018-07-26,235.265,236.5902,234.6992,235.3742,1885496
2018-07-27,236.218,237.0518,234.2624,235.9003,1999682
2018-07-30,236.2577,237.975,235.1558,237.2007,2454219
2018-07-31,237.7467,237.7467,234.8183,235.6918,2504133
2018-08-01,236.754,237.6474,234.0539,234.312,2510727
2018-08-02,232.2175,233.4881,231.066,232.277,2580124
2018-08-03,232.7237,233.7958,231.7807,232.3763,3053130
2018-08-06,232.4259,235.2451,232.3167,234.2028,2259700
2018-08-07,235.5132,237.707,234.7587,236.0889,2399530
2018-08-08,236.3768,237.4092,234.5006,234.6396,2522656
2018-08-09,234.6198,235.1111,231.6814,232.0686,2952021
2018-08-10,229.2791,229.7606,226.4401,227.9291,3863732
2018-08-13,227.81,228.207,224.9114,225.1992,2663244
2018-08-14,225.6856,228.6835,225.636,227.8795,2359006
2018-08-15,227.671,229.845,226.6386,227.5717,3218939
2018-08-16,228.9813,231.5822,228.7629,231.2943,2438306
2018-08-17,230.8079,232.009,229.9442,231.6715,2107243
2018-08-20,232.416,234.2475,232.3614,234.0539,2604975
2018-08-21,233.5675,237.7765,233.5675,236.9029,2437333
2018-08-22,236.1485,237.9155,235.8408,237.5879,1870940
2018-08-23,237.3,237.5283,234.1135,234.6098,2065059
2018-08-24,235.6224,236.0591,232.9818,233.3888,1948234
2018-08-27,235.2551,241.8663,234.8282,240.824,4106946
2018-08-28,241.2806,243.2858,239.8214,240.5957,2951180
2018-08-29,241.0738,241.8108,239.3408,240.4264,1911957
2018-08-30,239.8289,240.1476,237.7174,238.4345,1963935
2018-08-31,237.9764,238.3847,236.1637,236.8509,1965472
2018-09-04,236.8011,237.1597,233.6439,236.7015,2083698
2018-09-05,236.0541,238.484,235.2175,236.6019,2092231
2018-09-06,236.0442,237.6676,232.9368,233.5742,2651790
2018-09-07,234.102,234.6897,231.7416,232.9666,1952884
2018-09-10,234.0622,234.5502,230.8054,230.9747,1948373
2018-09-11,229.7397,230.7158,227.7378,229.2816,2719540
2018-09-12,229.9787,231.0544,226.385,227.2299,3577707
2018-09-13,228.5744,228.923,226.6522,227.4091,3003569
2018-09-14,228.1561,229.6202,227.8374,228.3155,2228307
2018-09-17,228.4748,229.2318,226.3833,226.9709,1918787
2018-09-18,227.4291,228.4748,225.6562,227.9669,2498063
2018-09-19,228.9728,235.3271,228.5943,234.6299,3716487
2018-09-20,236.0442,237.5481,235.0781,236.4426,2502995
2018-09-21,237.0999,237.558,233.8829,234.3909,3760267
2018-09-24,233.7933,234.7893,231.3034,231.9607,2056982
2018-09-25,233.6937,233.6937,231.2884,231.5623,2003418
2018-09-26,232.0205,232.0603,227.3195,227.9569,2372746
2018-09-27,227.8474,228.923,226.6024,226.8215,2451510
2018-09-28,224.8396,226.4829,222.8974,223.3356,3097847
2018-10-01,225.3077,226.6721,224.0926,224.4212,2451341
2018-10-02,224.3714,225.4172,223.0667,225.1583,2272681
2018-10-03,226.8315,228.8433,225.6662,226.8614,2574210
2018-10-04,228.3354,230.4668,224.481,226.5626,2903786
2018-10-05,227.0805,227.4888,223.3058,224.7997,1722697
2018-10-08,223.3556,226.0018,221.6027,224.4412,2523200
2018-10-09,224.0826,224.2121,221.6325,222.011,1863236
2018-10-10,222.3397,222.7381,213.6947,214.0233,3955472
2018-10-11,213.3361,215.1588,210.0992,212.1111,6217366
2018-10-12,216.1248,217.1009,210.6072,213.0075,4161711
2018-10-15,213.5851,216.2643,212.1908,214.352,3333750
2018-10-16,218.4654,221.1047,215.4282,220.8059,5924183
2018-10-17,219.6406,227.9768,219.1625,227.3593,4953723
2018-10-18,226.5825,227.8075,222.9573,224.0428,2995425
2018-10-19,224.3515,227.3793,223.2868,226.0447,2759105
2018-10-22,226.0148,227.947,220.6266,220.7063,2736770
2018-10-23,215.7165,218.6383,213.4556,217.6785,3318168
2018-10-24,217.2602,218.0471,207.5595,208.3364,4152713
2018-10-25,210.4179,214.8201,209.488,213.1469,3179707
2018-10-26,209.8801,213.9337,208.6825,211.5036,3558077
2018-10-29,213.2863,217.33,211.1948,213.625,3278258
2018-10-30,215.1189,219.4613,214.1727,218.3956,3897378
2018-10-31,220.9951,228.0764,220.5071,224.4611,4369633
2018-11-01,224.8495,227.9569,224.5607,226.0546,2557550
2018-11-02,229.0724,230.7556,225.3774,228.7637,3698981
2018-11-05,227.3992,230.163,226.0347,227.7976,2565374
2018-11-06,227.2697,228.5943,226.1343,227.2797,2275807
2018-11-07,229.1222,231.8569,225.9874,230.3472,3514619
2018-11-08,230.0684,233.116,229.67,230.7158,2404854
2018-11-09,230.7556,230.7556,221.4035,221.7521,3721716
2018-11-12,221.1047,221.4134,204.3027,205.219,11019357
2018-11-13,203.5757,208.7405,201.514,204.223,6984798
2018-11-14,205.4082,206.5038,197.6397,201.6734,5742451
2018-11-15,200.9861,203.6753,198.5161,202.9183,4260001
2018-11-16,202.1116,203.9185,199.542,201.3048,2829572
2018-11-19,201.016,201.4841,196.5541,197.4206,3419116
2018-11-20,194.3132,195.1,189.5773,190.5683,5513841
2018-11-21,191.3153,194.4526,190.4189,191.8232,4111653
2018-11-23,190.8372,191.0962,188.178,188.3374,1862633
2018-11-26,190.399,194.4426,189.9209,193.5562,3143267
2018-11-27,192.62,193.8351,190.7914,192.869,2345380
2018-11-28,194.0542,197.6497,191.4547,197.5501,3762873
2018-11-29,196.02,197.45,193.16,194.85,2666117
2018-11-30,190.57,191.45,188.12,190.69,6219958
2018-12-03,194.0,195.66,191.62,191.63,4015619
2018-12-04,190.69,191.11,183.63,184.31,5797535
2018-12-06,181.33,184.88,180.15,184.09,5275511
2018-12-07,183.85,186.25,179.0,179.67,3921232
2018-12-10,178.6,179.84,174.68,178.83,4528341
2018-12-11,182.15,184.43,175.45,176.8,4713871
2018-12-12,178.5,180.0,176.48,176.7,3677292
2018-12-13,177.83,178.69,175.12,175.92,4008550
2018-12-14,174.34,176.26,172.37,172.77,5078341
2018-12-17,169.4,171.43,166.53,168.01,8395805
2018-12-18,169.78,173.02,169.32,171.5,5150789
2018-12-19,171.59,174.85,167.6,169.25,5316095
2018-12-20,168.39,171.65,167.16,168.41,6488177
2018-12-21,168.25,169.63,159.42,160.05,8960030
2018-12-24,159.0,160.0,154.31,156.35,3783497
2018-12-26,157.0,163.11,151.7,162.93,7054656
2018-12-27,160.12,165.41,159.02,165.41,4972964
2018-12-28,165.64,165.95,162.02,163.03,4110520
2018-12-31,163.78,167.12,163.78,167.05,4550009
