date,open,high,low,close,volume
2015-01-02,56.5052,56.812,56.0089,56.3879,12599991
2015-01-05,55.9999,56.1984,54.3486,54.6373,20100577
2015-01-06,54.7185,54.8178,52.6521,53.2206,29074111
2015-01-07,54.0418,54.0418,52.9364,53.3018,23843244
2015-01-08,54.114,54.9531,54.114,54.4929,16971056
2015-01-09,54.7907,54.8539,53.5004,53.5455,15396195
2015-01-12,53.4913,53.5996,52.58,53.0853,15455234
2015-01-13,53.4733,53.8703,52.6702,53.0943,21644739
2015-01-14,51.3528,51.434,49.8729,51.2625,49602310
2015-01-15,50.288,51.0821,49.1781,49.6202,42458146
2015-01-16,49.3225,50.5316,49.3044,50.4685,29368910
2015-01-20,50.5677,50.8835,50.0112,50.2699,23477689
2015-01-21,50.0353,50.9106,49.8007,50.4324,21842362
2015-01-22,50.8745,52.0927,50.491,51.9664,31423538
2015-01-23,52.0837,52.219,51.1272,51.1452,15458254
2015-01-26,50.9016,51.425,50.7121,51.2264,12577658
2015-01-27,50.5767,51.0821,50.3105,50.7121,15220526
2015-01-28,51.0911,51.1452,49.4037,49.4037,24354354
2015-01-29,49.8729,50.4324,49.3405,50.2338,20393264
2015-01-30,49.6202,50.0759,49.0608,49.0698,26943713
2015-02-02,49.2052,50.2158,48.9706,50.0534,20308885
2015-02-03,50.4504,51.2355,50.4143,51.1813,18812501
2015-02-04,50.8204,51.4971,50.7843,50.8745,14934076
2015-02-05,51.3076,51.4701,50.9467,51.2264,11293901
2015-02-06,52.1107,52.995,51.9212,52.2371,25214001
2015-02-09,51.813,52.422,51.6415,52.1739,14372365
2015-02-10,52.7153,52.9754,52.3814,52.7514,16367266
2015-02-11,52.3905,52.9274,52.1919,52.6702,13061925
2015-02-12,53.1755,53.8793,52.8326,53.753,23211327
2015-02-13,53.6538,54.3395,53.5455,53.8433,16479114
2015-02-17,53.5635,54.2674,53.5229,54.2313,15308763
2015-02-18,53.9515,53.9898,53.347,53.5725,14278117
2015-02-19,53.374,53.6718,53.0582,53.4462,11256543
2015-02-20,53.2026,54.0418,52.6521,53.9606,15379042
2015-02-23,53.6899,53.7169,53.0582,53.5545,16813999
2015-02-24,54.3666,55.269,54.2132,54.881,22937701
2015-02-25,54.8268,55.287,54.8178,55.1697,18307912
2015-02-26,55.0704,55.675,54.9622,55.5667,15444802
2015-02-27,55.1607,55.8735,55.1607,55.296,15225935
2015-03-02,55.2599,55.7923,55.0704,55.7382,13047328
2015-03-03,55.6299,55.9367,55.4946,55.9187,13707655
2015-03-04,55.6209,56.0991,55.3615,56.063,16626413
2015-03-05,56.1262,56.1533,55.5848,55.9457,10931262
2015-03-06,56.0901,56.7308,54.8629,54.9441,22719177
2015-03-09,54.899,55.6119,54.8629,55.4946,13001473
2015-03-10,54.8268,55.0524,54.1049,54.1049,16357724
2015-03-11,54.2583,54.7276,54.1004,54.3576,13015567
2015-03-12,54.7276,55.4494,54.7276,55.3772,18159558
2015-03-13,55.4043,55.8194,54.5291,55.0434,16506155
2015-03-16,55.4946,55.8735,55.269,55.8104,15182859
2015-03-17,55.3502,55.6389,54.9712,55.5938,11718327
2015-03-18,55.3953,55.9908,55.1201,55.7201,15697854
2015-03-19,55.5577,55.6299,54.8268,55.2238,11523785
2015-03-20,55.3321,56.036,55.1787,55.7201,18368347
2015-03-23,55.7201,56.0179,55.1517,55.1697,15112872
2015-03-24,55.0163,55.2599,54.5471,54.5561,12128693
2015-03-25,54.6193,54.7185,53.7711,53.7891,14950859
2015-03-26,53.6538,53.9515,53.1214,53.7259,14039559
2015-03-27,53.6808,53.9425,53.2387,53.735,11755819
2015-03-30,54.9351,55.4585,54.6915,55.0073,20656523
2015-03-31,54.7907,54.9892,54.52,54.6644,17346667
2015-04-01,54.8733,55.0187,54.2556,54.4555,18100587
2015-04-02,54.5645,55.1367,54.5009,54.9732,12697771
2015-04-06,54.4282,55.1822,54.183,54.9278,12025243
2015-04-07,55.5455,55.8634,55.273,55.273,11505503
2015-04-08,55.4637,55.9179,55.3547,55.4547,11733950
2015-04-09,55.6545,55.9315,55.2548,55.8362,11728495
2015-04-10,55.7272,56.1178,55.5909,56.0451,9869670
2015-04-13,55.9906,56.5628,55.8634,56.3812,15468702
2015-04-14,57.1896,57.78,56.9898,57.2623,33775406
2015-04-15,57.2986,58.5703,57.235,58.325,28732225
2015-04-16,58.207,58.3795,57.8254,57.9617,16640454
2015-04-17,57.453,57.5893,56.7627,57.0806,20221236
2015-04-20,57.4258,57.6983,57.3531,57.4439,12755309
2015-04-21,57.5257,57.7709,56.4357,56.5992,14985119
2015-04-22,56.908,57.3622,56.3448,57.1714,14484658
2015-04-23,57.0352,57.4167,56.8626,57.0443,12851257
2015-04-24,56.8899,57.0806,56.6264,56.8626,9597525
2015-04-27,56.9534,57.3622,56.5992,56.6264,11146409
2015-04-28,56.7627,57.0261,56.1087,57.0079,12307828
2015-04-29,56.8263,58.0344,56.7354,57.7709,17601215
2015-04-30,57.7528,58.0253,57.1533,57.4621,16840865
2015-05-01,57.8618,58.0162,57.5257,57.78,11640805
2015-05-04,57.8436,58.9246,57.8073,58.7883,14972462
2015-05-05,58.5975,59.3333,58.3977,58.4976,17692369
2015-05-06,58.6157,59.1062,57.6074,58.0616,18087852
2015-05-07,57.8345,58.6748,57.453,58.5885,15039936
2015-05-08,59.0154,59.6331,58.6793,59.4877,16802611
2015-05-11,59.2788,59.624,59.1108,59.4514,13799675
2015-05-12,59.3242,59.5331,58.8246,59.3696,12762234
2015-05-13,59.4241,59.6149,59.0971,59.515,11874274
2015-05-14,59.7966,60.1145,59.6876,59.9964,11855518
2015-05-15,60.0691,60.0963,59.4378,59.842,11152125
2015-05-18,59.7693,60.4415,59.7693,60.3325,10510893
2015-05-19,60.6504,61.0318,60.4687,60.8684,14282994
2015-05-20,60.8139,60.8866,60.3143,60.387,12446012
2015-05-21,60.0782,60.5687,59.9601,60.5414,12934474
2015-05-22,60.5232,60.7049,60.2417,60.3779,9296939
2015-05-26,60.1327,60.2144,59.3242,59.7057,15571327
2015-05-27,59.9056,60.5414,59.7875,60.3779,10963652
2015-05-28,60.278,60.3143,59.7148,60.1327,11797444
2015-05-29,60.1145,60.1508,59.3696,59.7512,14310723
2015-06-01,59.9419,60.5505,59.9237,60.0237,11899261
2015-06-02,59.7966,60.3052,59.5695,59.9692,12784152
2015-06-03,60.3416,60.9774,60.1962,60.5868,12927263
2015-06-04,60.2326,60.9048,59.9601,60.2507,13863283
2015-06-05,61.1954,61.6223,60.8684,61.2408,20801141
2015-06-08,61.2772,61.3589,60.6867,60.7594,14558660
2015-06-09,60.8139,61.1046,60.3779,61.0228,13263493
2015-06-10,61.3953,62.2173,61.2863,62.0039,17478898
2015-06-11,62.0947,62.3854,61.9039,62.24,13739872
2015-06-12,62.0493,62.2582,61.6496,61.9948,11804741
2015-06-15,61.3862,61.9584,61.1318,61.7586,14082323
2015-06-16,61.5588,62.24,61.4226,62.1038,11692849
2015-06-17,62.1401,62.3854,61.7995,61.8949,14521889
2015-06-18,62.0856,62.5125,61.6768,62.4762,16759603
2015-06-19,62.1855,62.3763,61.695,61.8404,21606383
2015-06-22,62.5579,62.9395,62.4489,62.6397,14306669
2015-06-23,62.994,63.4209,62.8486,63.3573,15736884
2015-06-24,63.1393,63.3755,62.5943,62.6942,16995033
2015-06-25,62.9667,63.1075,62.3445,62.3581,13314291
2015-06-26,62.6215,62.9395,62.4626,62.6306,14489159
2015-06-29,61.477,62.0039,61.0047,61.041,19934417
2015-06-30,61.6678,61.8676,61.0047,61.5497,20677358
2015-07-01,62.2811,62.528,61.9703,62.2354,13964423
2015-07-02,62.1257,62.2903,61.4263,61.7326,12822941
2015-07-06,61.1474,61.6777,60.8366,61.5589,13527098
2015-07-07,61.3394,61.4583,59.7029,61.0743,22421483
2015-07-08,60.3429,60.4891,59.616,59.8217,17707242
2015-07-09,60.7909,60.986,60.3337,60.4434,14984705
2015-07-10,61.4583,61.6229,61.0971,61.3029,12356059
2015-07-13,62.0709,62.2994,61.8789,62.2537,16175638
2015-07-14,62.1531,63.1771,61.952,63.1223,20185118
2015-07-15,63.296,63.4789,62.9486,63.2594,16891606
2015-07-16,63.6617,63.9543,63.4606,63.5977,18035652
2015-07-17,63.4057,63.5337,63.0126,63.2777,14040686
2015-07-20,63.5429,63.7861,63.2503,63.3234,11512894
2015-07-21,63.232,63.5794,62.9669,63.1771,11659915
2015-07-22,63.3417,64.2652,63.2686,64.0731,15493019
2015-07-23,64.1737,64.5577,63.5063,63.6709,14331837
2015-07-24,63.488,63.5977,62.7931,63.0034,12413896
2015-07-27,62.3086,62.3726,61.7783,62.1806,16801563
2015-07-28,62.6743,62.72,61.9611,62.2171,14932360
2015-07-29,62.464,63.1771,62.3177,63.0309,13059190
2015-07-30,63.0217,63.4971,62.665,63.1223,10197182
2015-07-31,63.0949,63.1223,62.5372,62.656,11911818
2015-08-03,62.7109,62.9394,62.1714,62.656,9980587
2015-08-04,62.6011,63.04,62.4549,62.592,10963966
2015-08-05,63.1314,63.4697,62.6834,62.8389,11302860
2015-08-06,62.8571,63.0309,62.1714,62.4,10803363
2015-08-07,62.4731,62.848,61.76,62.2171,11453310
2015-08-10,62.3726,63.0903,62.3726,62.9851,12661440
2015-08-11,62.3817,62.5371,62.0343,62.3817,14800333
2015-08-12,61.632,61.76,60.4069,61.4766,21150053
2015-08-13,61.4857,61.9886,61.2297,61.76,11930623
2015-08-14,61.6411,62.0891,61.6229,62.0709,11248813
2015-08-17,61.824,62.3909,61.6229,62.2354,10326540
2015-08-18,62.1531,62.5006,62.025,62.3634,10617481
2015-08-19,62.1074,62.4549,61.5909,61.8057,15197703
2015-08-20,61.0834,61.2937,60.288,60.288,20972302
2015-08-21,59.5109,59.8309,58.1211,58.1486,28235460
2015-08-24,54.208,57.5269,45.7783,55.0857,36339089
2015-08-25,57.6914,57.8928,54.6103,54.7749,31772532
2015-08-26,56.5029,57.5817,55.3554,57.5177,33576825
2015-08-27,58.496,59.1817,57.7234,58.9531,29045691
2015-08-28,58.7794,58.9349,58.1486,58.6331,16687313
2015-08-31,58.1577,58.8343,58.0297,58.6057,14223416
2015-09-01,57.4629,57.4629,55.7623,56.1829,23637264
2015-09-02,57.2526,57.52,56.2651,57.2069,17757899
2015-09-03,57.4903,58.2034,57.0971,57.3074,17065377
2015-09-04,56.5029,56.6126,55.5429,56.2286,20188951
2015-09-08,57.3897,57.7829,56.9874,57.7463,13385051
2015-09-09,58.4594,58.8251,56.6857,56.8503,13889457
2015-09-10,56.5577,57.5954,56.1829,57.2891,15751110
2015-09-11,57.0331,57.2891,56.6729,57.1977,12766683
2015-09-14,57.2709,57.312,56.7954,57.0331,10202787
2015-09-15,57.3806,58.4137,57.152,58.1303,14023503
2015-09-16,58.4137,58.7794,57.792,58.6423,12235935
2015-09-17,58.6423,59.0994,57.0423,57.28,21249199
2015-09-18,56.5303,56.5303,55.5703,55.7166,31008001
2015-09-21,56.2469,56.6034,55.8446,56.1829,13136377
2015-09-22,55.4057,55.8491,55.2411,55.6891,14811862
2015-09-23,55.5886,55.9086,55.1497,55.4423,11712247
2015-09-24,54.8663,55.2046,54.3634,55.0583,17293389
2015-09-25,56.0183,56.5577,55.6526,56.2011,18384297
2015-09-28,55.6983,55.7806,54.5737,54.8389,17452209
2015-09-29,54.8389,54.976,53.696,54.7109,19334947
2015-09-30,55.4971,55.7714,54.9577,55.744,18743807
2015-10-01,55.8811,56.5669,55.3509,56.1554,16863215
2015-10-02,54.8754,56.0449,53.8993,55.9989,20435078
2015-10-05,56.3949,57.3158,56.3764,57.1132,13471119
2015-10-06,57.196,57.4263,56.7402,57.1408,12134800
2015-10-07,57.6012,58.0432,56.8691,57.2145,12818858
2015-10-08,56.9566,57.325,56.5698,57.2145,13964567
2015-10-09,57.4539,57.5966,56.7034,57.0303,12112022
2015-10-12,56.9474,57.1039,56.5413,56.8369,10857374
2015-10-13,56.533,57.2421,56.4593,56.6803,15621860
2015-10-14,55.9528,56.1462,54.8294,55.2438,28989352
2015-10-15,55.6858,57.0579,55.3482,56.9934,18147873
2015-10-16,57.4907,57.6933,57.1776,57.4907,17456576
2015-10-19,57.0947,57.7992,57.0119,57.2973,14510389
2015-10-20,57.4263,57.8453,57.1684,57.5736,11545128
2015-10-21,57.9051,57.9788,57.1408,57.15,12173278
2015-10-22,57.4815,58.5497,57.4815,58.1906,15295681
2015-10-23,58.5958,59.1069,58.4761,58.8168,16985219
2015-10-26,58.7892,58.9273,58.3932,58.8444,13880244
2015-10-27,58.5037,58.8076,58.3043,58.605,8831862
2015-10-28,58.6602,60.5388,58.651,60.3178,17962014
2015-10-29,60.0968,60.6217,59.7469,60.0508,12753676
2015-10-30,60.1336,60.1705,59.0562,59.1667,15731415
2015-11-02,59.3509,60.548,59.2956,60.3547,15253302
2015-11-03,60.1244,60.8704,60.0139,60.5757,11519476
2015-11-04,60.7875,60.9164,60.4375,60.6401,11388422
2015-11-05,60.5849,61.3953,60.548,61.1835,12715877
2015-11-06,62.9608,63.5685,62.7121,63.0436,23262747
2015-11-09,63.2647,63.2831,61.7728,62.0583,17143831
2015-11-10,61.8741,62.4819,61.6347,62.3254,13239736
2015-11-11,62.7121,62.7766,61.9294,62.0215,8513925
2015-11-12,61.5702,61.6071,60.7322,60.7783,13576850
2015-11-13,60.6309,60.9348,60.0692,60.3731,11836959
2015-11-16,60.281,61.3124,60.0139,61.2479,11041106
2015-11-17,61.3953,61.4597,60.677,60.898,12354839
2015-11-18,61.2203,62.2056,61.119,62.1135,12911408
2015-11-19,62.2333,62.4543,61.736,62.3069,12839462
2015-11-20,62.6108,62.7213,62.0445,62.1964,11209616
2015-11-23,61.9846,62.2333,61.4966,61.5886,11338963
2015-11-24,60.9348,61.8281,60.8151,61.4966,10910042
2015-11-25,61.6347,61.8097,61.2848,61.5702,7772026
2015-11-27,61.6992,61.9997,61.3676,61.8557,4052853
2015-11-30,61.957,62.178,61.4045,61.4045,15147536
2015-12-01,62.0123,62.4635,61.6899,62.2609,12708809
2015-12-02,62.4635,62.5095,61.2203,61.3861,13440883
2015-12-03,61.5426,61.7268,60.3915,60.5941,14626881
2015-12-04,60.8704,62.6154,60.8059,62.5187,17786043
2015-12-07,62.3069,62.3898,61.1466,61.6992,11686033
2015-12-08,61.0085,61.6623,60.502,60.7414,13084484
2015-12-09,60.4191,61.317,59.8942,60.281,16770188
2015-12-10,60.3547,61.2341,59.9311,60.4191,12838986
2015-12-11,59.6732,60.0047,58.4855,59.001,17889163
2015-12-14,59.1455,59.6318,58.5682,59.1851,17638159
2015-12-15,59.9218,61.3768,59.9218,60.8704,18126588
2015-12-16,61.6163,62.3806,60.6954,62.1872,21720024
2015-12-17,62.5279,62.62,60.8565,61.0361,18122090
2015-12-18,60.7506,60.7506,59.3049,59.3049,23819643
2015-12-21,59.8758,60.3731,59.7008,60.3547,18869297
2015-12-22,60.7046,60.7783,59.839,60.4836,12149529
2015-12-23,60.8888,61.561,60.8243,61.4505,12524453
2015-12-24,61.3492,61.5979,61.0729,61.3308,4468242
2015-12-28,61.0453,61.1927,60.5112,61.1282,6610609
2015-12-29,61.5518,61.9754,61.4597,61.7636,9820830
2015-12-30,61.736,61.7452,61.1927,61.3216,7190650
2015-12-31,60.9532,61.4966,60.7783,60.8059,14654329
2016-01-04,59.2855,59.3875,58.4141,58.9796,25393155
2016-01-05,59.0538,59.4524,58.4419,59.0816,16566703
2016-01-06,58.1453,58.5207,57.793,58.2287,22961532
2016-01-07,56.9772,57.4778,55.6978,55.874,27630867
2016-01-08,56.6712,56.801,54.5575,54.6224,22373287
2016-01-11,54.539,54.9005,53.8066,54.539,20925529
2016-01-12,55.1138,55.2157,53.8622,54.6595,22971612
2016-01-13,55.123,55.3224,52.759,53.1577,28808129
2016-01-14,53.9179,55.0489,53.1113,53.9549,31296332
2016-01-15,52.3326,53.3709,52.1194,52.8795,38131656
2016-01-19,53.5192,53.7417,52.3882,52.8517,22818919
2016-01-20,51.5724,52.0823,50.6731,51.4611,34646083
2016-01-21,51.6744,52.3975,51.044,51.2201,31301088
2016-01-22,52.3233,52.9908,52.1935,52.7961,22732187
2016-01-25,52.3604,52.7034,51.5446,51.6002,21114360
2016-01-26,51.7763,52.9815,51.7393,52.9166,17535732
2016-01-27,52.9166,54.0197,52.4346,52.8795,20559961
2016-01-28,53.3245,53.7417,52.4995,53.102,15497866
2016-01-29,53.6119,55.1972,53.3153,55.1601,26992199
2016-02-01,54.8449,55.2992,54.1774,54.5668,16807936
2016-02-02,53.6583,53.751,52.6107,52.8703,22448151
2016-02-03,53.1855,53.5795,51.0022,53.2226,31543220
2016-02-04,52.8981,54.2516,52.8981,54.1404,21651256
2016-02-05,54.3072,54.8264,53.2318,53.5378,22001260
2016-02-08,52.5551,52.7683,51.4843,52.416,28267601
2016-02-09,51.2572,52.5551,51.1089,52.1008,26300049
2016-02-10,52.4438,53.2226,51.4241,51.4704,22389590
2016-02-11,49.9686,49.9778,48.6707,49.1991,44334661
2016-02-12,51.5909,53.3709,51.1459,53.2967,37011352
2016-02-16,53.9828,54.3258,53.4358,54.094,23730687
2016-02-17,54.5575,54.9284,54.1354,54.4834,21580108
2016-02-18,54.5483,54.5668,53.0742,53.5934,17037776
2016-02-19,53.306,53.9271,52.912,53.6027,15658190
2016-02-22,54.2423,54.5853,54.1589,54.2979,14882763
2016-02-23,53.6768,53.853,51.8783,52.0267,31772544
2016-02-24,51.1738,52.1101,50.3626,52.0452,25560096
2016-02-25,52.0359,52.8703,51.9525,52.8517,14473275
2016-02-26,53.4358,53.8715,52.9723,53.3431,20947508
2016-02-29,53.2226,53.4033,52.1843,52.1935,19554051
2016-03-01,52.62,54.882,52.5365,54.882,23958079
2016-03-02,54.882,55.5309,54.6595,55.4012,20943122
2016-03-03,55.2343,55.5866,54.7921,55.5866,15790644
2016-03-04,55.7164,56.1335,55.1889,55.67,18459014
2016-03-07,55.1972,55.67,54.9932,55.568,12832395
2016-03-08,54.8913,55.1601,54.3999,54.4926,14132879
2016-03-09,54.8356,55.1972,54.3999,54.8078,13238828
2016-03-10,55.2436,55.3177,53.5934,54.335,21139207
2016-03-11,55.0581,55.1694,54.3721,55.0118,21054993
2016-03-14,54.8356,54.984,54.3258,54.8078,13436139
2016-03-15,54.2701,54.8913,54.1682,54.882,10910568
2016-03-16,54.6808,55.3919,54.2052,54.6224,17423930
2016-03-17,54.4834,54.8171,53.7603,54.4648,19402238
2016-03-18,55.67,56.5229,55.3084,56.0686,29570210
2016-03-21,55.8276,56.3829,55.5889,56.0501,12684403
2016-03-22,55.6144,56.1613,55.2714,55.8461,12042664
2016-03-23,55.9388,56.0964,55.4939,55.568,11658691
2016-03-24,54.9747,55.1694,54.5761,55.1416,12921194
2016-03-28,55.1879,55.3919,54.8635,55.0674,11159717
2016-03-29,55.0025,55.0025,54.2609,54.7244,15933428
2016-03-30,55.123,55.8343,55.0489,55.3548,13307142
2016-03-31,55.1138,55.5588,54.7986,54.9005,14904715
2016-04-01,54.7151,55.6793,54.2887,55.5031,15417527
2016-04-04,55.5125,55.6292,55.0642,55.2883,12305028
2016-04-05,54.7186,54.9428,54.3637,54.5038,12886615
2016-04-06,54.3357,54.9895,54.1209,54.9241,12167852
2016-04-07,54.4104,54.5692,53.2944,53.5325,19226797
2016-04-08,53.8968,54.7093,53.8781,53.9248,13547667
2016-04-11,54.0836,54.9895,54.0836,54.3544,17627802
2016-04-12,54.4851,55.4658,54.3544,55.363,17779234
2016-04-13,56.4837,58.0527,56.3903,57.7072,37516774
2016-04-14,57.6138,58.7485,57.5344,58.4543,24249920
2016-04-15,58.7252,58.7438,57.3896,57.7819,19290707
2016-04-18,57.5671,58.445,57.4644,58.1555,13813072
2016-04-19,58.417,59.2855,58.417,59.1361,19255617
2016-04-20,59.2855,60.0607,58.9726,59.9953,14594439
2016-04-21,60.014,60.3875,59.1548,59.3976,15395776
2016-04-22,59.4349,60.126,59.4349,59.7431,12444665
2016-04-25,59.3976,59.7245,58.9726,59.3976,10687190
2016-04-26,59.5937,59.8365,59.1454,59.7058,12048042
2016-04-27,59.6404,60.3689,59.3976,59.8739,15284125
2016-04-28,59.4349,60.1587,59.1641,59.3976,12852527
2016-04-29,58.9213,59.4069,58.557,59.024,16376353
2016-05-02,59.4816,59.7711,58.968,59.575,10247330
2016-05-03,58.7438,58.7532,57.7165,58.4263,19120338
2016-05-04,57.6698,58.1461,57.2215,57.5017,17030241
2016-05-05,57.5297,57.8986,57.0254,57.1935,14033862
2016-05-06,56.6892,57.6044,56.5865,57.5297,11057877
2016-05-09,57.3149,57.8006,57.0161,57.1655,11197141
2016-05-10,57.483,58.1461,57.2962,57.9407,11897151
2016-05-11,57.8753,58.4637,57.7259,57.7259,11254047
2016-05-12,58.1555,58.4263,57.3149,57.6885,11071679
2016-05-13,57.6231,58.277,56.9881,57.1562,15122325
2016-05-16,57.1655,57.8893,56.9694,57.5858,10951344
2016-05-17,57.371,58.0527,57.1095,57.5858,12180930
2016-05-18,57.6231,59.9299,57.6138,59.8085,24052314
2016-05-19,59.3322,59.9766,58.7438,59.2015,16076159
2016-05-20,59.6404,59.9486,59.1828,59.3135,11862030
2016-05-23,59.2575,59.6497,58.9867,59.2668,9347540
2016-05-24,59.7151,60.4903,59.5937,60.2755,13839390
2016-05-25,60.649,61.8258,60.6304,61.1907,18936695
2016-05-26,61.2374,61.2468,60.621,60.7331,9428352
2016-05-27,60.9012,61.1347,60.7518,61.1067,10116014
2016-05-31,61.3868,61.4709,60.6677,60.9572,15139407
2016-06-01,60.4809,61.5643,60.014,61.3495,14031018
2016-06-02,61.1907,61.4616,60.8545,61.4616,10637550
2016-06-03,60.0046,60.5743,59.3509,60.3689,20261681
2016-06-06,60.3689,61.4149,60.3315,60.9666,13193497
2016-06-07,61.1253,61.3962,60.7424,60.7611,9924106
2016-06-08,60.6397,61.1534,60.6304,60.9386,9428013
2016-06-09,60.5089,60.6117,60.0233,60.4716,10817761
2016-06-10,59.7058,59.8365,59.3789,59.6217,16678358
2016-06-13,59.2855,60.0887,59.08,59.0894,14382759
2016-06-14,58.5384,59.2762,57.6046,57.978,19509322
2016-06-15,58.2862,58.8139,57.8192,57.8753,16982140
2016-06-16,57.3896,58.1835,56.876,58.1088,16791228
2016-06-17,58.1835,58.5664,57.8379,58.1648,15751497
2016-06-20,59.2575,59.6311,58.2208,58.2489,12213239
2016-06-21,58.5851,58.8372,58.0341,58.7905,11611632
2016-06-22,58.7905,59.5003,58.5384,58.5664,12643492
2016-06-23,59.491,59.9112,59.3322,59.8178,16583609
2016-06-24,56.4837,57.6231,55.4191,55.6619,44108712
2016-06-27,54.8307,54.868,53.2804,53.8034,37925291
2016-06-28,55.279,55.6152,54.4104,55.5872,29088741
2016-06-29,56.3717,57.1655,56.0355,57.1562,21483012
2016-06-30,57.5577,58.0807,56.9881,58.0376,21343616
2016-07-01,57.9058,58.3684,57.567,57.6611,14217796
2016-07-05,56.8987,57.0399,55.628,56.0515,23357694
2016-07-06,55.5433,56.7481,55.308,56.6539,20429800
2016-07-07,56.9646,57.5481,56.6257,57.021,13771417
2016-07-08,57.727,58.5176,57.727,58.1976,16998814
2016-07-11,58.7529,59.2518,58.4894,58.6118,13151438
2016-07-12,59.3271,59.826,59.1953,59.4871,16588124
2016-07-13,59.3742,59.7036,58.96,59.4495,18526932
2016-07-14,60.9366,61.1625,60.2872,60.3531,28985935
2016-07-15,60.9461,60.9931,59.873,60.4095,17607090
2016-07-18,60.3625,60.6166,60.146,60.2025,10824364
2016-07-19,59.873,60.3342,59.7318,60.1083,9737390
2016-07-20,60.3437,60.4557,59.9672,60.1742,10411068
2016-07-21,60.2401,60.4095,59.8919,59.9483,9952750
2016-07-22,60.146,60.3248,59.8636,60.2778,8195688
2016-07-25,60.2213,60.4001,59.9342,60.1178,8168252
2016-07-26,60.2213,60.4848,59.9672,60.3625,8067766
2016-07-27,60.3154,60.8849,60.2966,60.5507,11806756
2016-07-28,60.2401,60.419,59.9766,60.3342,10013424
2016-07-29,60.0519,60.5131,60.0048,60.2119,13210412
2016-08-01,60.3813,60.5319,59.873,60.0519,11422601
2016-08-02,59.8542,60.2495,59.6565,59.9107,13550022
2016-08-03,59.9483,60.8708,59.9107,60.8613,13122345
2016-08-04,60.7013,61.0072,60.4943,60.7672,9873007
2016-08-05,61.3131,62.4709,61.2473,62.405,20752730
2016-08-08,62.1885,62.5791,61.972,62.2167,11359174
2016-08-09,62.292,62.3862,61.8308,62.0003,10096971
2016-08-10,62.0473,62.1885,61.332,61.4449,11556086
2016-08-11,61.4355,61.8308,61.2002,61.6143,9604549
2016-08-12,61.1531,61.5108,61.0496,61.4826,7685383
2016-08-15,61.7085,61.9626,61.6143,61.8591,8371557
2016-08-16,61.5202,62.085,61.4073,61.8497,10128856
2016-08-17,61.9344,62.1038,61.6896,62.0191,11868065
2016-08-18,61.7649,62.1132,61.6802,62.0756,9313621
2016-08-19,61.8591,62.0379,61.3884,61.9908,9084877
2016-08-22,61.8873,62.0097,61.5673,61.9344,9055631
2016-08-23,62.1885,62.4426,61.8967,61.9061,8949607
2016-08-24,62.1132,62.3391,61.9061,62.0756,10167204
2016-08-25,62.0379,62.2544,61.925,62.1885,9978651
2016-08-26,62.4332,62.9509,61.9767,62.3297,14038597
2016-08-29,62.5838,63.158,62.5556,63.0168,14583145
2016-08-30,63.0262,63.6239,63.0168,63.5345,13791151
2016-08-31,63.4969,63.7886,62.9274,63.5345,14952329
2016-09-01,63.6663,63.7416,62.7344,63.2615,12226517
2016-09-02,63.4404,63.6051,63.045,63.5251,13720662
2016-09-06,63.5345,63.5816,62.7909,63.478,16649371
2016-09-07,63.2145,63.6193,63.0262,63.2145,10070407
2016-09-08,63.2709,63.7039,63.0639,63.2992,12252961
2016-09-09,63.0921,63.4686,62.725,62.7344,19686877
2016-09-12,62.2544,63.3462,61.8967,63.1204,16452983
2016-09-13,62.2262,62.9321,61.9532,62.6215,18876069
2016-09-14,62.3768,63.2945,62.3203,62.4991,12648595
2016-09-15,62.3956,62.998,62.2073,62.725,12639749
2016-09-16,62.2073,62.3673,61.5955,61.9532,25161488
2016-09-19,62.2638,62.725,61.9814,62.3015,13466874
2016-09-20,62.8286,62.9227,62.3485,62.5556,10092157
2016-09-21,62.9133,63.1862,62.4143,62.9133,14116774
2016-09-22,63.0545,63.4592,62.9133,63.431,12781744
2016-09-23,63.431,63.911,63.2301,63.2992,13967357
2016-09-26,62.6874,62.8756,61.6896,61.9155,16408130
2016-09-27,61.5673,62.5038,61.2849,62.4615,13711386
2016-09-28,62.6685,62.8474,62.1169,62.7909,11278036
2016-09-29,62.7815,63.2615,61.5108,61.7932,18727192
2016-09-30,62.1979,63.1204,62.1979,62.678,21680093
2016-10-03,62.4521,62.9886,62.3673,62.6027,14901651
2016-10-04,62.7733,63.693,62.669,63.1431,17226890
2016-10-05,63.418,64.5368,63.3327,64.1765,16279971
2016-10-06,64.2144,64.442,63.5697,64.3472,17484978
2016-10-07,64.2713,64.6411,63.9016,64.5747,18497019
2016-10-10,64.7928,65.4754,64.6885,65.0772,13027466
2016-10-11,64.9445,65.2478,64.404,64.7643,15657104
2016-10-12,64.7169,65.0298,64.5178,64.5937,11899831
2016-10-13,63.9584,64.3472,63.3517,64.2239,17890046
2016-10-14,65.2289,65.4469,63.8067,64.0153,24163776
2016-10-17,63.9205,64.2713,63.2711,63.6835,14963411
2016-10-18,64.3282,64.6695,64.0343,64.186,11870286
2016-10-19,64.2903,64.9445,64.2903,64.8022,12705774
2016-10-20,64.5463,65.1151,64.4135,64.7169,14122005
2016-10-21,64.2903,64.9729,64.186,64.935,12175674
2016-10-24,65.3901,65.4659,64.9397,65.2952,10197123
2016-10-25,65.3047,65.3521,64.8307,65.2289,9945050
2016-10-26,64.8212,65.6555,64.8212,65.5418,9801266
2016-10-27,65.8831,66.1485,65.5133,65.6366,14210699
2016-10-28,65.921,65.94,64.9113,65.5228,12766498
2016-10-31,65.8262,65.9684,65.6366,65.665,14336299
2016-11-01,65.8736,66.158,64.7833,65.3901,15564491
2016-11-02,65.0867,65.2763,64.4799,65.1151,12449788
2016-11-03,65.2858,65.5986,64.679,64.8307,10369670
2016-11-04,64.935,65.0013,64.1291,64.2429,13571306
2016-11-07,65.4943,66.3382,65.4185,66.2528,16515137
2016-11-08,66.0822,66.8833,65.646,66.395,17531748
2016-11-09,67.7508,70.3012,67.6181,69.4479,50948378
2016-11-10,70.3676,73.2403,70.3676,72.6714,56192320
2016-11-11,72.3396,72.7425,71.8371,72.7093,27574323
2016-11-14,73.2403,76.2647,73.2403,75.383,46130653
2016-11-15,74.3021,75.2882,73.7428,75.2408,28126307
2016-11-16,74.1599,74.2832,72.8895,73.3825,26054926
2016-11-17,73.885,74.3827,73.5721,73.9703,19306721
2016-11-18,73.9134,74.3496,73.5247,73.6764,19769965
2016-11-21,73.9514,74.1125,73.2782,73.9988,11983529
2016-11-22,74.2737,74.4775,73.7238,74.4538,14410100
2016-11-23,74.7762,75.127,73.8471,74.7667,13401387
2016-11-25,74.9943,75.3261,74.397,74.7383,6185719
2016-11-28,74.122,74.7762,73.9703,74.2547,13007242
2016-11-29,74.3211,75.0511,74.3211,74.8236,14144062
2016-11-30,75.7717,76.35,75.5631,76.0087,25351899
2016-12-01,76.4638,78.0082,76.4638,77.5446,23823632
2016-12-02,77.5541,77.5826,76.7008,77.3645,16931504
2016-12-05,78.0282,78.9668,78.0187,78.9383,18529840
2016-12-06,79.2607,79.4598,78.1514,79.346,16130043
2016-12-07,79.2133,79.7252,78.5496,79.7063,18996905
2016-12-08,79.858,81.0621,79.583,80.7018,20844853
2016-12-09,80.607,81.0621,79.7726,81.0526,14567202
2016-12-12,80.9293,81.337,79.9149,80.332,14509120
2016-12-13,80.569,81.2232,79.4693,80.3605,16669046
2016-12-14,79.5261,81.6499,79.4124,80.332,22622633
2016-12-15,80.9672,82.0007,80.4932,81.5361,19438924
2016-12-16,81.8111,81.8111,80.4837,80.5311,23008520
2016-12-19,80.3984,81.0052,79.8201,80.9957,21685098
2016-12-20,81.337,82.0481,81.1047,82.0386,14587310
2016-12-21,81.9438,82.3041,81.5645,82.2472,11400484
2016-12-22,81.9533,82.6454,81.7352,82.3799,13924219
2016-12-23,82.4842,82.6264,81.9153,82.5316,10759433
2016-12-27,82.5316,82.6359,82.2472,82.6075,6946360
2016-12-28,82.6359,82.854,81.8679,82.0102,9455586
2016-12-29,82.086,82.1713,80.6259,81.4318,14689042
2016-12-30,81.6309,81.9343,81.2138,81.8111,13617776
2017-01-03,82.8066,83.2048,81.5171,82.7023,20550714
2017-01-04,82.9025,83.1122,82.3686,82.8548,15266596
2017-01-05,82.7595,83.0455,81.2808,82.0922,14300816
2017-01-06,82.3591,82.5784,81.9301,82.1017,12893298
2017-01-09,81.7299,82.7214,81.5297,82.1589,12806609
2017-01-10,82.054,82.8453,81.7203,82.3972,13989033
2017-01-11,82.3972,83.0169,81.9015,83.0169,14713067
2017-01-12,82.7118,83.198,82.0063,82.2161,21337435
2017-01-13,83.0455,84.056,82.0826,82.6546,28295985
2017-01-17,80.9672,81.2437,79.3942,79.6516,30024625
2017-01-18,79.7279,80.2999,79.1559,80.0234,21270134
2017-01-19,80.1378,80.7193,79.2417,79.4133,16555554
2017-01-20,79.5372,79.9185,79.399,79.766,18436790
2017-01-23,79.4133,80.0806,79.3227,79.8041,12179161
2017-01-24,80.0043,81.0339,79.6611,80.767,15175319
2017-01-25,81.8347,82.1493,81.196,82.0159,17550952
2017-01-26,81.9396,82.893,81.9396,82.7023,15962835
2017-01-27,82.6165,82.9216,82.2447,82.8739,12534881
2017-01-30,82.1684,82.464,81.339,82.0159,13661859
2017-01-31,81.6059,82.1303,80.1664,80.6812,15655126
2017-02-01,81.5487,82.0826,80.7289,80.9863,15430940
2017-02-02,80.4047,80.9481,80.2331,80.6431,11081359
2017-02-03,82.1684,83.2362,81.8586,83.1122,17885244
2017-02-06,82.7404,83.3696,82.5688,82.7214,11828416
2017-02-07,83.0741,83.322,82.4449,82.6737,9392832
2017-02-08,82.1589,82.2828,81.3867,81.9491,13970870
2017-02-09,82.3877,83.2552,82.1112,83.1313,13749123
2017-02-10,83.3982,83.3982,82.8358,82.9406,10992466
2017-02-13,83.3601,84.5994,83.3506,84.037,18739103
2017-02-14,84.18,85.5146,83.9953,85.3812,17932086
2017-02-15,85.8769,86.63,85.181,86.3631,17381807
2017-02-16,86.182,86.7921,85.5814,86.3059,17672724
2017-02-17,85.629,86.2439,85.5051,86.0199,15776589
2017-02-21,86.2868,86.897,86.2392,86.7635,14068315
2017-02-22,86.2964,87.04,86.201,86.8112,11838980
2017-02-23,86.9256,87.0781,86.2964,86.8779,11066952
2017-02-24,85.9722,86.3154,85.5432,86.1152,15062298
2017-02-27,86.1057,86.4918,85.8197,86.2106,12360988
2017-02-28,85.6529,86.5824,85.405,86.3917,15183542
2017-03-01,88.4605,89.5949,88.2889,89.2327,24451380
2017-03-02,89.4901,89.5377,87.7359,87.8408,16862487
2017-03-03,87.9266,88.7655,87.8885,88.47,12861607
2017-03-06,87.9457,88.0124,86.8493,87.6311,15059178
2017-03-07,87.3641,87.7931,86.9542,87.1449,11156845
2017-03-08,88.3556,88.5186,86.8493,86.9542,17378401
2017-03-09,87.326,87.8408,86.897,87.2974,13726237
2017-03-10,87.6597,87.7073,86.3059,87.0209,13729948
2017-03-13,87.0495,87.4976,86.6882,87.0972,10004297
2017-03-14,86.773,87.3737,86.5299,87.2402,10237702
2017-03-15,87.5167,88.2317,86.8779,87.4499,16601394
2017-03-16,87.7359,88.4754,87.2974,87.3641,14492039
2017-03-17,87.5453,87.7455,86.4203,86.4489,21734743
2017-03-20,86.058,86.9161,85.6004,85.8292,14623597
2017-03-21,86.1438,86.4108,82.9978,83.3124,33089241
2017-03-22,82.8358,83.9607,81.9968,83.4459,21741025
2017-03-23,83.1408,84.3706,83.0264,83.3124,16090092
2017-03-24,83.6938,83.9798,82.7214,83.2171,16093237
2017-03-27,81.5392,83.3229,81.2532,83.1694,16689294
2017-03-28,82.9597,84.8664,82.9216,84.466,16264403
2017-03-29,84.466,84.6757,83.9702,84.1514,10207578
2017-03-30,84.0846,85.2858,84.0084,84.8759,11630996
2017-03-31,84.5708,84.5991,83.6556,83.7414,16987605
2017-04-03,83.8844,84.056,82.5593,83.4364,19831778
2017-04-04,83.3117,84.0596,83.1439,83.7144,14280832
2017-04-05,84.7787,84.8938,82.583,82.6405,17635486
2017-04-06,82.4392,83.3309,81.7393,82.9186,14379588
2017-04-07,82.3912,83.235,82.1803,82.631,13092979
2017-04-10,82.5351,83.12,81.8831,82.3433,15081616
2017-04-11,82.0173,82.257,81.3078,82.1995,14690492
2017-04-12,82.3912,82.4104,81.5283,81.8831,14730636
2017-04-13,81.979,83.4076,80.9243,80.9243,30529763
2017-04-17,80.9626,82.5351,80.8955,82.3241,19071650
2017-04-18,81.8447,82.1036,81.2503,81.653,14127049
2017-04-19,81.979,82.3817,80.8859,80.9818,17588506
2017-04-20,81.4804,82.2474,81.0681,82.0269,15635808
2017-04-21,81.979,82.1515,81.0297,81.0393,19820592
2017-04-24,82.9857,84.4239,82.8611,83.8966,25468285
2017-04-25,84.9034,85.4595,84.6253,84.6253,18253752
2017-04-26,84.7116,85.3828,84.5102,84.7883,12832154
2017-04-27,84.7308,84.7308,83.4268,84.0021,13329025
2017-04-28,83.9925,84.2322,83.3692,83.4172,10755629
2017-05-01,83.7624,84.1267,82.9953,83.4747,15712266
2017-05-02,83.1391,83.3021,82.4775,82.9378,14414164
2017-05-03,82.5159,83.5131,82.4775,83.4172,11540536
2017-05-04,84.0788,84.1171,83.0049,83.5131,11537573
2017-05-05,83.6569,83.7432,82.8611,83.4172,9436036
2017-05-08,83.4555,83.7238,83.0798,83.5131,8162209
2017-05-09,83.6665,84.2226,82.9378,83.1775,10273937
2017-05-10,82.9654,83.8774,82.909,83.8295,8334867
2017-05-11,83.5035,83.8774,82.794,83.5706,10907382
2017-05-12,83.1104,83.4636,82.7843,83.3405,8738802
2017-05-15,83.5131,83.887,83.2829,83.7432,8835631
2017-05-16,83.7624,84.4623,83.7432,84.0021,9794968
2017-05-17,82.5638,82.8323,80.512,80.7996,24679728
2017-05-18,80.6078,81.3078,79.9271,80.5024,23350068
2017-05-19,80.7421,81.8255,80.6846,81.2886,13412878
2017-05-22,81.6721,81.7776,80.7421,81.2119,11635998
2017-05-23,81.2598,82.5255,81.0297,82.2282,11753016
2017-05-24,82.3433,82.4296,81.7297,82.1803,9923251
2017-05-25,82.4488,82.5351,81.5763,81.8351,12238543
2017-05-26,81.605,82.0365,81.5187,81.8447,8113464
2017-05-30,81.6242,81.6434,80.3298,80.4448,12603176
2017-05-31,80.2818,80.3681,78.2731,78.7669,28327925
2017-06-01,79.0641,79.6586,78.2875,79.6394,17123490
2017-06-02,78.9012,79.5723,78.6039,79.2367,14998489
2017-06-05,79.2367,80.0709,79.1792,79.3806,9080165
2017-06-06,78.9012,79.7881,78.7477,79.5436,12196816
2017-06-07,79.8791,80.6416,79.6778,80.4544,13711071
2017-06-08,80.4544,82.1997,80.4353,81.4516,17950964
2017-06-09,81.9885,83.4651,81.8735,83.3788,19120172
2017-06-12,83.724,84.1267,82.7364,83.398,16053405
2017-06-13,83.9445,84.2322,83.398,83.6761,12557225
2017-06-14,83.1967,83.7144,82.2858,83.5035,16175654
2017-06-15,82.6981,83.4939,82.6885,83.0049,12509682
2017-06-16,83.2734,83.3788,82.4727,82.631,16936572
2017-06-19,83.3884,84.5965,83.2734,84.4431,15972336
2017-06-20,84.1363,84.2993,83.7719,83.9158,11197809
2017-06-21,83.8774,83.9397,83.1871,83.5322,10005941
2017-06-22,83.3501,83.7624,83.0816,83.4364,12180579
2017-06-23,84.05,84.376,83.0432,83.2829,18812029
2017-06-26,83.4268,84.0596,83.048,83.6473,10082422
2017-06-27,84.0979,85.2773,83.8966,84.4239,15415152
2017-06-28,84.9513,86.3608,84.9513,86.1211,17466177
2017-06-29,88.5373,88.8345,86.5909,87.3963,27697818
2017-06-30,88.1729,88.2113,87.4059,87.636,16892700
2017-07-03,88.2722,90.1233,88.1276,89.4195,13208087
2017-07-05,89.7762,90.4222,89.2845,90.3161,17535404
2017-07-06,90.1811,91.1163,89.5448,90.0269,16596123
2017-07-07,90.5861,90.7885,89.8823,90.48,12817808
2017-07-10,90.1426,90.3161,89.7473,89.8437,13987191
2017-07-11,89.9787,89.9787,88.9664,89.4966,13262282
2017-07-12,89.2845,89.4966,88.7639,89.1881,13540107
2017-07-13,89.3617,90.0269,89.0242,89.7569,12820084
2017-07-14,87.5492,89.2797,87.3274,88.9375,22235168
2017-07-17,88.5229,88.6868,87.9734,88.1083,14374219
2017-07-18,87.2021,88.2915,87.0768,87.7998,14719404
2017-07-19,88.0601,88.33,87.7333,87.9252,11651245
2017-07-20,87.877,88.4265,87.6359,87.9252,11561740
2017-07-21,87.7902,88.0794,87.2696,87.6263,10971292
2017-07-24,87.6938,88.253,87.6456,88.0023,10725116
2017-07-25,89.0532,90.1619,88.9567,89.4677,16447678
2017-07-26,89.7569,89.8437,88.3879,88.629,11815499
2017-07-27,88.5325,88.7543,87.8866,88.2626,12332375
2017-07-28,88.1662,88.4554,87.6408,88.0023,9351915
2017-07-31,88.224,89.0435,88.2144,88.5036,11520329
2017-08-01,89.1688,89.7955,88.9664,89.6895,12523725
2017-08-02,89.5304,89.863,89.1833,89.7666,10165604
2017-08-03,89.3713,89.7859,88.923,89.1785,11078804
2017-08-04,90.1426,91.0103,90.1146,90.2968,14323999
2017-08-07,90.5186,90.8078,90.345,90.6439,7978339
2017-08-08,90.5764,91.8001,90.239,90.3161,13745401
2017-08-09,89.6413,90.3161,89.4966,90.1715,11214440
2017-08-10,89.5641,89.728,88.7639,88.8796,13252269
2017-08-11,88.8218,89.3424,87.9637,88.1373,10679534
2017-08-14,89.0532,89.5641,89.0146,89.1688,10994793
2017-08-15,89.9594,90.2004,89.3231,89.4002,8812720
2017-08-16,89.6991,89.8823,88.5808,88.7832,11085401
2017-08-17,88.4651,88.6579,87.2503,87.3949,13837463
2017-08-18,87.0671,88.253,86.9514,87.4817,13040738
2017-08-21,87.5877,87.6745,86.9225,87.3756,11502065
2017-08-22,87.7998,88.4169,87.7324,88.2722,9211781
2017-08-23,87.607,89.0242,87.5781,88.3783,8811292
2017-08-24,88.629,88.8121,88.1276,88.2337,8623165
2017-08-25,88.5808,89.1592,88.5036,88.5904,11794644
2017-08-28,88.8507,88.8796,87.8577,88.3108,7292915
2017-08-29,87.2021,88.0312,87.0671,87.8288,10886082
2017-08-30,87.9734,88.5759,87.9155,88.0312,9165342
2017-08-31,88.5133,88.5518,87.5395,87.6263,13217404
2017-09-01,87.9734,89.0435,87.6841,88.4072,9815834
2017-09-05,87.7516,87.8336,85.8276,86.2959,17031549
2017-09-06,86.7683,87.2669,86.4212,86.8743,11845663
2017-09-07,86.8743,86.8936,84.9172,85.351,14592255
2017-09-08,85.1389,86.2091,85.0715,85.245,14242198
2017-09-11,86.1802,87.0093,85.756,86.5658,13219047
2017-09-12,86.9322,87.9734,86.8647,87.6263,14003776
2017-09-13,87.3564,88.2144,87.0768,87.877,12485428
2017-09-14,87.9252,88.2433,87.4817,87.7034,10562826
2017-09-15,87.8095,88.4169,87.501,88.3301,18171794
2017-09-18,88.629,89.7907,88.5518,89.5834,11318699
2017-09-19,89.3809,90.9717,89.1978,90.5668,12626131
2017-09-20,90.721,91.8683,90.345,91.2031,15311581
2017-09-21,91.0681,91.9454,90.8078,91.6176,10851489
2017-09-22,91.2995,91.5694,91.0392,91.4248,8358310
2017-09-25,91.1163,91.473,90.0944,90.7403,10463432
2017-09-26,90.4125,90.6536,89.9893,90.3354,9358111
2017-09-27,91.5598,92.2829,91.1838,91.7623,15090226
2017-09-28,92.1575,92.4371,91.502,91.9551,10270398
2017-09-29,91.8779,92.09,91.608,92.0804,11438412
2017-10-02,92.3311,93.4012,92.0322,93.3626,13797213
2017-10-03,93.353,93.9315,93.2989,93.8543,9633452
2017-10-04,93.8061,93.9411,92.8228,92.8999,12166633
2017-10-05,93.0939,94.4515,92.6575,94.1509,14236219
2017-10-06,94.597,94.6842,93.5496,93.986,10231853
2017-10-09,94.0248,94.1315,93.2296,93.4915,7765100
2017-10-10,93.5351,94.2382,93.3266,94.1897,10631527
2017-10-11,93.8987,94.0733,93.2296,93.9084,14283617
2017-10-12,94.3545,94.5485,92.7254,93.0842,18251616
2017-10-13,92.5896,93.7824,92.0854,92.9581,13190576
2017-10-16,93.4236,94.9848,93.4236,94.8782,12434009
2017-10-17,95.1012,95.2069,94.3739,94.6648,10335687
2017-10-18,95.1788,95.5667,94.6745,95.0236,10158626
2017-10-19,94.2478,95.2273,94.1509,95.14,9133863
2017-10-20,96.2746,96.8661,95.7413,96.4976,15326608
2017-10-23,96.4976,96.9631,96.2358,96.3328,9238624
2017-10-24,96.8564,98.1268,96.7401,97.8649,13000801
2017-10-25,98.1849,98.3789,97.157,97.9813,12857533
2017-10-26,98.2819,99.3196,98.2528,98.6601,13054361
2017-10-27,98.3595,99.1317,97.991,98.6892,10400446
2017-10-30,98.0686,98.8444,97.8164,98.3401,8839456
2017-10-31,98.3013,98.6213,97.5255,97.5643,8690197
2017-11-01,98.0395,98.6213,97.6807,97.8649,8418239
2017-11-02,97.8164,98.6844,97.1279,98.5147,8731788
2017-11-03,98.0395,98.4516,97.6807,98.3401,7103513
2017-11-06,98.2722,98.6091,97.6128,97.7292,8121544
2017-11-07,97.5158,97.7001,95.2758,95.7606,18822583
2017-11-08,95.2952,95.3921,94.2091,94.6842,18524671
2017-11-09,94.18,95.2418,93.8794,94.6745,13680578
2017-11-10,94.8491,95.363,94.5485,94.5582,9314009
2017-11-13,93.763,95.0818,93.6951,94.8976,9303072
2017-11-14,94.3933,94.82,93.9181,94.3254,11043772
2017-11-15,93.4721,95.7509,93.0454,95.2176,15384080
2017-11-16,95.5473,96.0612,95.3339,95.4891,9808033
2017-11-17,94.8588,95.4309,94.6163,95.1691,9017866
2017-11-20,95.4697,96.1437,94.8006,96.0128,9483200
2017-11-21,96.4879,96.5364,95.9158,95.9352,13389407
2017-11-22,96.0321,96.5111,95.6055,95.654,7342248
2017-11-24,95.8382,95.9061,95.2855,95.3436,3680043
2017-11-27,95.3339,96.1291,94.9654,94.9654,13076207
2017-11-28,95.237,98.6213,95.0042,98.2916,16772956
2017-11-29,99.3098,101.065,98.8735,100.5899,21105546
2017-11-30,101.5693,103.4312,100.8905,101.356,23945890
2017-12-01,101.7245,102.1279,99.1062,101.6178,19683510
2017-12-04,104.4688,105.1185,103.5378,103.7124,23576608
2017-12-05,103.9257,104.1585,100.9681,102.5196,17193948
2017-12-06,102.219,102.5584,101.3608,101.7535,15476226
2017-12-07,100.8032,102.0008,100.5899,101.4529,13371781
2017-12-08,101.899,102.733,101.1814,102.7233,13506869
2017-12-11,102.5196,102.8493,102.122,102.4227,10591228
2017-12-12,102.7136,104.1197,102.3451,103.6154,15508840
2017-12-13,103.47,103.8675,102.2869,102.316,15020293
2017-12-14,102.8057,103.2275,101.4723,101.4917,13034232
2017-12-15,102.5196,103.2954,102.0154,102.9269,29350598
2017-12-18,104.0615,104.3718,103.2566,103.7221,12713148
2017-12-19,104.0421,104.236,103.2178,103.2857,12149937
2017-12-20,104.3524,104.4693,102.8784,102.9269,13091473
2017-12-21,103.4021,104.7985,103.3342,104.5658,12323670
2017-12-22,104.8567,105.1767,103.5718,104.1973,14573385
2017-12-26,103.9548,104.7209,103.179,103.7803,7403739
2017-12-27,103.4409,104.0421,103.4409,103.9742,9496548
2017-12-28,104.1488,104.5755,103.9161,104.527,7440555
2017-12-29,104.8179,105.0021,103.7027,103.7027,8925701
2018-01-02,104.3718,104.75,103.5724,104.6821,13578835
2018-01-03,104.5948,105.2058,104.2263,104.7888,11901037
2018-01-04,105.6271,107.2549,105.4711,106.2899,12953656
2018-01-05,106.5044,106.7871,105.0568,105.6076,14154974
2018-01-08,105.4224,105.939,104.9837,105.7635,12466512
2018-01-09,105.978,106.865,105.7538,106.2997,13292310
2018-01-10,106.7091,107.9081,106.6311,107.4694,15834468
2018-01-11,107.8788,108.1313,107.2754,108.0445,13676788
2018-01-12,108.8341,110.0038,108.0445,109.8284,18884229
2018-01-16,108.6976,110.5692,108.2687,109.4385,22703336
2018-01-17,109.068,110.4384,108.5027,110.1403,14940266
2018-01-18,109.9161,110.8544,109.4385,110.4035,14572911
2018-01-19,111.0663,111.4562,109.959,110.1598,18785468
2018-01-22,109.8186,111.505,109.6627,111.4465,12475654
2018-01-23,110.8031,111.7487,110.4912,111.3295,12320751
2018-01-24,111.9631,113.0744,111.7682,112.7527,15904504
2018-01-25,113.1134,113.2401,112.1727,112.7819,13509957
2018-01-26,112.7819,113.3863,112.0606,113.3863,13883875
2018-01-29,113.0939,114.3932,113.0939,113.2693,11679919
2018-01-30,112.6162,113.6592,112.0801,112.2068,14279124
2018-01-31,112.7332,113.7177,112.2556,112.7527,13141423
2018-02-01,112.8502,114.0345,112.5675,113.9224,13800613
2018-02-02,113.552,113.9712,111.2126,111.3978,16477307
2018-02-05,110.15,111.6999,101.3575,106.056,30097591
2018-02-06,104.1552,109.6432,103.9212,109.2825,33114833
2018-02-07,108.7366,111.5635,108.3428,110.0233,21878324
2018-02-08,110.2573,110.2573,105.1202,105.1592,27425837
2018-02-09,106.3484,108.2492,103.5507,107.2647,28188027
2018-02-12,108.3662,109.882,107.2939,108.9218,18043325
2018-02-13,108.5124,110.1988,108.0055,109.5944,16358181
2018-02-14,109.7894,112.3628,109.6919,112.1288,15186858
2018-02-15,112.8209,113.0598,111.3393,112.5967,12130197
2018-02-16,111.661,113.1426,111.6122,111.7877,13214253
2018-02-20,111.7584,112.4798,111.0956,111.8169,13461495
2018-02-21,112.0996,114.4878,111.7779,112.2848,14212461
2018-02-22,112.587,113.4887,111.8657,112.0801,17070356
2018-02-23,112.4018,114.4293,112.4018,114.3513,12162523
2018-02-26,115.1604,115.9012,114.3611,115.7745,16511229
2018-02-27,115.911,116.3204,114.3903,114.4001,17563345
2018-02-28,114.8485,115.5016,112.431,112.587,17735637
2018-03-01,112.5675,113.7009,109.8089,110.5692,18690017
2018-03-02,109.5554,110.6959,108.3175,110.462,18353697
2018-03-05,109.224,113.0013,109.068,112.1581,13933039
2018-03-06,112.7235,112.8989,111.4368,112.2556,10674360
2018-03-07,110.8811,112.1971,110.2573,111.8364,13006514
2018-03-08,112.2068,112.3238,110.3547,111.8462,11173721
2018-03-09,113.6105,115.1019,112.7527,115.0629,15366583
2018-03-12,115.0239,115.755,114.2929,114.6925,12339295
2018-03-13,115.2189,115.4821,112.9087,113.3181,13312340
2018-03-14,113.6203,113.6495,111.7097,112.0509,12905124
2018-03-15,112.9477,113.0744,111.9339,112.3335,8747977
2018-03-16,112.431,113.6607,112.431,112.5285,19888948
2018-03-19,112.1971,112.5383,110.4425,111.6415,13214919
2018-03-20,111.9729,112.5334,111.5586,111.7487,9921175
2018-03-21,111.9144,113.6885,111.3295,111.8462,13632983
2018-03-22,110.345,110.7349,106.7773,107.177,22550426
2018-03-23,107.4889,108.1225,104.0674,104.3111,23081509
2018-03-26,106.4361,108.3564,105.9049,107.5279,20217469
2018-03-27,108.2687,108.8731,104.5938,105.4419,18039921
2018-03-28,105.5491,106.4165,103.9602,105.2761,19189269
2018-03-29,105.7635,107.986,105.0617,107.1965,13274639
2018-04-02,107.1867,107.9373,103.4046,105.1299,18822525
2018-04-03,105.6271,106.7408,104.5548,106.5726,14050737
2018-04-04,104.3988,108.4052,104.3209,108.1907,15302608
2018-04-05,109.3663,110.542,109.1312,109.6113,16627035
2018-04-06,108.3083,109.288,105.6336,106.8779,18906018
2018-04-09,107.7792,110.689,107.6616,108.1613,15974349
2018-04-10,109.8562,110.5812,109.1606,110.2285,14003640
2018-04-11,109.3957,109.5427,108.274,108.3768,14503294
2018-04-12,109.2978,112.0704,109.239,111.0711,16435523
2018-04-13,112.6876,112.815,106.8387,108.0633,39152760
2018-04-16,108.6903,109.2096,107.5637,107.9751,16580538
2018-04-17,109.1116,109.6505,107.7596,107.9751,15501350
2018-04-18,108.2887,108.8177,106.6819,107.1032,16081436
2018-04-19,107.3089,109.6015,107.2795,109.4545,17910955
2018-04-20,110.0228,110.4538,108.6316,109.2096,15584384
2018-04-23,109.3076,109.6799,108.3866,108.6805,11285831
2018-04-24,109.4839,110.6106,107.3677,108.1711,16453112
2018-04-25,108.0339,108.2887,106.3978,107.7596,13546110
2018-04-26,107.74,108.5728,107.1228,107.8674,10299488
2018-04-27,107.3285,107.9261,106.917,107.1816,9383967
2018-04-30,107.5245,108.0633,106.5448,106.5741,13744860
2018-05-01,106.2508,106.7603,105.3593,106.5741,10503353
2018-05-02,105.9177,107.2697,105.5454,105.7316,12162086
2018-05-03,105.4083,105.5846,103.0481,105.0654,15379091
2018-05-04,104.2718,106.535,103.8309,106.2312,11967906
2018-05-07,106.5545,107.4559,106.1627,107.1522,9356721
2018-05-08,107.3089,109.0822,107.064,108.7393,12543228
2018-05-09,109.1802,111.3356,108.7785,111.1103,11368094
2018-05-10,110.8947,112.1194,110.4636,111.9724,9159709
2018-05-11,112.1684,112.4035,111.365,111.5511,10253045
2018-05-14,111.7961,112.3741,111.4336,111.5903,8710654
2018-05-15,111.6001,111.6001,110.2873,110.738,11536212
2018-05-16,110.6008,111.3846,110.3461,111.0417,7571089
2018-05-17,110.9045,111.1103,109.9248,110.6694,8617204
2018-05-18,110.4636,110.5126,108.5924,108.8765,11806349
2018-05-21,109.7778,110.2579,109.6505,109.8758,9441931
2018-05-22,110.0717,111.9677,110.013,110.7184,11507550
2018-05-23,110.2285,110.4832,108.8667,110.2089,11453916
2018-05-24,109.866,109.8758,107.8821,108.9745,14084769
2018-05-25,108.2201,108.8275,107.9604,108.416,8283548
2018-05-29,106.966,106.9856,102.8267,103.7819,30643840
2018-05-30,105.4573,106.3978,104.4873,106.1529,17490845
2018-05-31,105.761,105.9961,104.262,104.84,19808203
2018-06-01,106.1431,106.7309,105.614,106.2018,13594185
2018-06-04,106.7799,107.0395,106.0745,106.2508,9415437
2018-06-05,106.0451,106.1137,104.8988,105.6532,10415231
2018-06-06,106.4566,108.4944,106.2802,108.1221,15453563
2018-06-07,108.9255,109.239,107.7939,108.5532,13444427
2018-06-08,108.3768,108.8863,107.8282,108.8569,10383168
2018-06-11,108.8667,109.6407,108.5238,108.5826,12642897
2018-06-12,108.8863,109.2684,107.2991,107.9556,15294082
2018-06-13,108.2201,109.1851,107.3579,107.74,14979749
2018-06-14,108.0437,108.1221,105.5944,105.8394,20487343
2018-06-15,105.614,106.1823,104.115,105.712,26028572
2018-06-18,105.085,106.2018,104.5265,105.9863,9786825
2018-06-19,104.7323,105.6924,104.4383,105.3691,12707154
2018-06-20,105.9863,106.437,105.2613,105.3593,8876903
2018-06-21,104.9282,106.0119,104.3698,105.3299,11048735
2018-06-22,105.9667,106.1725,103.3705,103.6056,19938788
2018-06-25,103.5174,103.5566,101.8519,102.6651,16907607
2018-06-26,102.5867,103.0765,101.0191,102.7336,17086772
2018-06-27,102.5573,103.7721,101.1367,101.1465,16270587
2018-06-28,101.5776,103.3215,101.411,102.8022,14491252
2018-06-29,104.5167,104.7323,102.038,102.087,18972393
2018-07-02,101.6167,102.959,101.2836,102.9492,11130044
2018-07-03,103.2725,103.6301,101.4208,101.509,8311680
2018-07-05,102.5728,102.8191,101.9818,102.169,10723412
2018-07-06,101.5779,102.9373,100.6717,102.5039,12173700
2018-07-09,103.1442,105.853,103.1442,105.6757,13900793
2018-07-10,106.4047,106.779,104.937,105.0256,14575873
2018-07-11,104.7202,105.459,104.6217,104.799,10186482
2018-07-12,105.8136,105.9515,104.3853,105.2522,12456754
2018-07-13,105.6954,106.188,103.5677,104.7695,21303844
2018-07-16,105.4492,109.1135,105.3802,108.9264,24662621
2018-07-17,109.0347,109.2712,108.1087,108.8476,14821876
2018-07-18,108.7688,110.4434,108.5521,109.8622,14244944
2018-07-19,109.3992,109.4288,108.0891,108.2467,16775305
2018-07-20,108.3551,110.069,108.1384,109.6159,13582631
2018-07-23,109.3992,112.5317,109.2712,111.655,18140010
2018-07-24,111.852,113.0636,111.7239,112.443,14000419
2018-07-25,112.177,113.7925,111.6845,113.4576,13331966
2018-07-26,113.694,113.8565,112.8676,113.1325,11897769
2018-07-27,113.4576,114.5609,113.0931,114.2949,12805930
2018-07-30,114.5412,115.8513,114.3244,114.9844,13411618
2018-07-31,115.3292,115.3292,113.103,113.231,15843763
2018-08-01,114.0191,114.945,113.5561,113.9304,13531590
2018-08-02,112.8567,114.5116,112.6203,114.4131,11058108
2018-08-03,114.2653,115.3784,114.2062,115.339,11016102
2018-08-06,115.0435,115.7725,114.4426,115.3686,9857351
2018-08-07,115.9793,116.5211,115.5755,115.7922,10562067
2018-08-08,115.5755,116.5,115.5262,116.0286,8997220
2018-08-09,115.7528,115.9596,114.9499,115.1322,9694541
2018-08-10,113.7728,114.2161,112.9689,113.9994,12630949
2018-08-13,113.8319,114.1452,112.113,112.1869,10340337
2018-08-14,112.5612,113.3197,111.9504,112.9355,10597611
2018-08-15,112.1179,112.6203,111.2806,111.9997,10152082
2018-08-16,112.64,113.5857,112.5908,113.0537,10118820
2018-08-17,112.9257,113.3492,112.5908,113.0537,8505111
2018-08-20,112.8764,113.3295,112.4036,112.906,8618739
2018-08-21,113.6448,114.6446,113.1621,113.5955,10976680
2018-08-22,113.5857,113.6842,113.0636,113.2507,8314901
2018-08-23,113.2409,113.428,112.7188,113.0143,9265593
2018-08-24,113.2606,113.497,112.7395,112.9651,8845718
2018-08-27,113.497,115.5262,113.4477,114.9647,13768021
2018-08-28,115.2504,115.2799,114.2358,114.4032,8302618
2018-08-29,114.6101,114.6298,113.6349,114.0289,7221744
2018-08-30,113.8615,114.3047,113.2606,113.4675,8991802
2018-08-31,113.1128,113.1227,112.117,112.8666,13065719
2018-09-04,112.6302,113.5167,111.9308,113.428,10174177
2018-09-05,113.2803,113.9698,112.5415,112.8764,11462446
2018-09-06,112.7878,112.9848,111.8027,112.3938,9877635
2018-09-07,112.7878,113.0537,111.9308,112.6105,10955590
2018-09-10,113.1325,113.2507,111.9603,112.0096,8276789
2018-09-11,111.8421,112.8616,111.4875,112.7188,9333781
2018-09-12,112.5415,113.1621,111.1624,111.389,10800758
2018-09-13,111.6747,112.4233,110.9851,111.8224,12470769
2018-09-14,112.1081,112.7779,111.5368,111.8027,10337948
2018-09-17,112.0884,112.7188,111.6057,112.1376,9561297
2018-09-18,112.6203,112.9405,111.8618,112.5908,7944210
2018-09-19,112.7287,116.2945,112.7287,115.8611,16052776
2018-09-20,116.728,117.4569,116.3142,116.856,15589976
2018-09-21,117.3485,117.447,115.9793,116.0877,24788247
2018-09-24,115.999,116.6886,114.6904,114.9746,12492474
2018-09-25,115.2898,116.2059,114.5806,114.6495,9308310
2018-09-26,115.0041,115.1222,112.9454,113.3,14023640
2018-09-27,113.694,114.0289,112.4529,112.8075,13282987
2018-09-28,111.9505,112.5317,110.8374,111.1526,15815120
2018-10-01,111.6747,112.8961,111.3496,111.8027,10147110
2018-10-02,111.6648,112.4135,111.1258,112.2657,13753074
2018-10-03,113.2212,113.9304,112.7681,113.3197,17141962
2018-10-04,113.6272,115.869,113.2899,114.3414,16357406
2018-10-05,114.8969,115.1647,113.0965,113.6966,13777633
2018-10-08,113.3296,114.8473,112.4402,114.391,14370869
2018-10-09,113.7462,114.1033,112.7543,113.5974,14069477
2018-10-10,113.776,114.024,110.572,110.572,23086389
2018-10-11,110.076,110.572,106.5149,107.2589,33705616
2018-10-12,109.4809,109.9372,104.7493,106.0884,32075740
2018-10-15,106.3364,107.9731,105.4635,105.4833,18903216
2018-10-16,106.2967,107.9037,105.8702,107.745,19302764
2018-10-17,107.5069,109.9074,107.3581,108.9452,18794482
2018-10-18,108.1417,108.9551,106.9415,107.2192,17582467
2018-10-19,106.7828,108.3401,106.4058,107.0407,15234549
2018-10-22,107.2787,107.4672,105.2584,105.5032,16199139
2018-10-23,103.3606,105.3048,102.8646,104.4021,21407548
2018-10-24,103.9161,104.1839,102.0778,102.4579,23168916
2018-10-25,103.3407,105.0469,102.8844,104.0152,17464708
2018-10-26,103.1622,103.7177,101.9024,102.5868,19174916
2018-10-29,103.6185,105.771,102.8646,104.0053,18445175
2018-10-30,104.8584,106.1182,104.0152,105.8404,18019681
2018-10-31,107.2093,109.59,106.9216,108.1417,20859992
2018-11-01,108.7369,109.3321,107.4474,108.1021,13065023
2018-11-02,109.0146,109.9173,106.6241,107.5069,19009518
2018-11-05,107.735,108.4096,107.5466,108.2112,10276448
2018-11-06,107.7946,108.7865,106.8919,108.7171,10824959
2018-11-07,109.4809,110.8299,108.4691,110.5819,12679585
2018-11-08,110.1157,112.0153,110.1058,111.4747,11662499
2018-11-09,111.3259,111.4548,109.9372,110.3934,10432161
2018-11-12,110.5224,111.0382,107.7251,108.0723,13279671
2018-11-13,108.2211,110.2248,108.2211,108.7071,13746059
2018-11-14,109.342,109.8181,105.1298,106.4654,18361433
2018-11-15,107.368,109.1932,105.9495,109.1833,19099954
2018-11-16,108.5683,109.8677,107.6755,109.1039,13798551
2018-11-19,109.0742,110.3042,108.6458,109.9372,13986991
2018-11-20,108.8956,109.5999,107.1101,107.5763,18936153
2018-11-21,108.1517,108.727,106.7729,106.7729,10619625
2018-11-23,105.8801,106.5249,105.2056,105.7908,6488406
2018-11-26,106.8522,109.094,106.5844,108.3798,13948285
2018-11-27,107.8838,109.1436,107.7549,108.8361,9238176
2018-11-28,108.9155,110.5026,107.9929,110.0463,13977257
2018-11-29,109.3817,109.9024,108.7518,109.1734,11144347
2018-11-30,108.965,110.4232,108.6972,110.2943,18652718
2018-12-03,111.4747,111.9806,110.8398,111.3358,16033180
2018-12-04,110.701,110.701,105.8702,106.3662,23555940
2018-12-06,104.164,104.5112,102.0512,104.3426,27213946
2018-12-07,104.3128,106.1199,102.081,102.4579,19248595
2018-12-10,102.0413,102.6563,98.4802,100.5434,23636429
2018-12-11,102.2992,102.8249,99.4027,99.5614,16860677
2018-12-12,100.841,102.071,99.2542,100.2062,22621487
2018-12-13,100.7319,101.1485,99.859,100.3054,17250942
2018-12-14,99.1845,101.1188,99.0555,99.4821,19879525
2018-12-17,98.9663,99.7499,97.642,98.2124,25113534
2018-12-18,98.6191,100.0772,97.3295,97.7462,20837150
2018-12-19,97.6172,99.7697,95.8218,96.5062,28767868
2018-12-20,95.8317,97.4883,94.9191,95.673,31825218
2018-12-21,95.9011,97.637,92.9303,93.4114,41313933
2018-12-24,92.1417,93.461,91.3977,91.3977,17009280
2018-12-26,91.9433,95.1869,90.376,95.1869,22542900
2018-12-27,94.0561,96.3674,92.7964,96.2582,20304683
2018-12-28,97.1609,97.5279,95.6631,96.0499,17963271
2018-12-31,96.8038,98.0125,95.9904,96.8336,13237180
